37.9487352	-122.0487381
37.9487352	-122.0487381
37.9487352	-122.0487381
37.9487352	-122.0487381
37.9487352	-122.0487381
37.9487352	-122.0487381
37.9487352	-122.0487381
37.9487352	-122.0487381
37.9487352	-122.0487381
37.9487352	-122.0487381
37.9487352	-122.0487381
37.9487352	-122.0487381
37.9487352	-122.0487381
37.9487352	-122.0487381
37.9487352	-122.0487381
37.9487352	-122.0487381
37.9487352	-122.0487381
37.9487352	-122.0487381
37.9487352	-122.0487381
37.9487352	-122.0487381
37.9487353	-122.048738
37.9487353	-122.048738
37.9487353	-122.048738
37.9487353	-122.048738
37.9487353	-122.048738
37.9487353	-122.048738
37.9487353	-122.048738
37.9487353	-122.048738
37.9487353	-122.048738
37.9487353	-122.048738
37.9487352	-122.0487378
37.9487352	-122.0487378
37.9487352	-122.0487378
37.9487352	-122.0487378
37.9487352	-122.0487378
37.9487352	-122.0487378
37.9487352	-122.0487378
37.9487352	-122.0487378
37.9487352	-122.0487378
37.9487352	-122.0487378
37.9487352	-122.0487379
37.9487352	-122.0487379
37.9487352	-122.0487379
37.9487352	-122.0487379
37.9487352	-122.0487379
37.9487352	-122.0487379
37.9487352	-122.0487379
37.9487352	-122.0487379
37.9487352	-122.0487379
37.9487352	-122.0487379
37.9487353	-122.0487378
37.9487353	-122.0487378
37.9487353	-122.0487378
37.9487353	-122.0487378
37.9487353	-122.0487378
37.9487353	-122.0487378
37.9487353	-122.0487378
37.9487353	-122.0487378
37.9487353	-122.0487378
37.9487353	-122.0487378
37.9487352	-122.0487379
37.9487352	-122.0487379
37.9487352	-122.0487379
37.9487352	-122.0487379
37.9487352	-122.0487379
37.9487352	-122.0487379
37.9487352	-122.0487379
37.9487352	-122.0487379
37.9487352	-122.0487379
37.9487352	-122.0487379
37.9487353	-122.0487376
37.9487353	-122.0487376
37.9487353	-122.0487376
37.9487353	-122.0487376
37.9487353	-122.0487376
37.9487353	-122.0487376
37.9487353	-122.0487376
37.9487353	-122.0487376
37.9487353	-122.0487376
37.9487353	-122.0487376
37.9487354	-122.0487375
37.9487354	-122.0487375
37.9487354	-122.0487375
37.9487354	-122.0487375
37.9487354	-122.0487375
37.9487354	-122.0487375
37.9487354	-122.0487375
37.9487354	-122.0487375
37.9487354	-122.0487375
37.9487354	-122.0487375
37.9487355	-122.0487374
37.9487355	-122.0487374
37.9487355	-122.0487374
37.9487355	-122.0487374
37.9487355	-122.0487374
37.9487355	-122.0487374
37.9487355	-122.0487374
37.9487355	-122.0487374
37.9487355	-122.0487374
37.9487355	-122.0487374
37.9487355	-122.0487374
37.9487355	-122.0487374
37.9487355	-122.0487374
37.9487355	-122.0487374
37.9487355	-122.0487374
37.9487355	-122.0487374
37.9487355	-122.0487374
37.9487355	-122.0487374
37.9487355	-122.0487374
37.9487355	-122.0487374
37.9487355	-122.0487373
37.9487355	-122.0487373
37.9487355	-122.0487373
37.9487355	-122.0487373
37.9487355	-122.0487373
37.9487355	-122.0487373
37.9487355	-122.0487373
37.9487355	-122.0487373
37.9487355	-122.0487373
37.9487355	-122.0487373
37.9487355	-122.0487373
37.9487355	-122.0487373
37.9487355	-122.0487373
37.9487355	-122.0487373
37.9487355	-122.0487373
37.9487355	-122.0487373
37.9487355	-122.0487373
37.9487355	-122.0487373
37.9487355	-122.0487373
37.9487355	-122.0487373
37.9487354	-122.0487372
37.9487354	-122.0487372
37.9487354	-122.0487372
37.9487354	-122.0487372
37.9487354	-122.0487372
37.9487354	-122.0487372
37.9487354	-122.0487372
37.9487354	-122.0487372
37.9487354	-122.0487372
37.9487354	-122.0487372
37.9487354	-122.0487373
37.9487354	-122.0487373
37.9487354	-122.0487373
37.9487354	-122.0487373
37.9487354	-122.0487373
37.9487354	-122.0487373
37.9487354	-122.0487373
37.9487354	-122.0487373
37.9487354	-122.0487373
37.9487354	-122.0487373
37.9487354	-122.0487375
37.9487354	-122.0487375
37.9487354	-122.0487375
37.9487354	-122.0487375
37.9487354	-122.0487375
37.9487354	-122.0487375
37.9487354	-122.0487375
37.9487354	-122.0487375
37.9487354	-122.0487375
37.9487354	-122.0487375
37.9487354	-122.0487375
37.9487354	-122.0487375
37.9487354	-122.0487375
37.9487354	-122.0487375
37.9487354	-122.0487375
37.9487354	-122.0487375
37.9487354	-122.0487375
37.9487354	-122.0487375
37.9487354	-122.0487375
37.9487354	-122.0487375
37.9487354	-122.0487374
37.9487354	-122.0487374
37.9487354	-122.0487374
37.9487354	-122.0487374
37.9487354	-122.0487374
37.9487354	-122.0487374
37.9487354	-122.0487374
37.9487354	-122.0487374
37.9487354	-122.0487374
37.9487354	-122.0487374
37.9487353	-122.0487374
37.9487353	-122.0487374
37.9487353	-122.0487374
37.9487353	-122.0487374
37.9487353	-122.0487374
37.9487353	-122.0487374
37.9487353	-122.0487374
37.9487353	-122.0487374
37.9487353	-122.0487374
37.9487353	-122.0487374
37.9487353	-122.0487374
37.9487353	-122.0487374
37.9487353	-122.0487374
37.9487353	-122.0487374
37.9487353	-122.0487374
37.9487353	-122.0487374
37.9487353	-122.0487374
37.9487353	-122.0487374
37.9487353	-122.0487374
37.9487353	-122.0487374
37.9487353	-122.0487372
37.9487353	-122.0487372
37.9487353	-122.0487372
37.9487353	-122.0487372
37.9487353	-122.0487372
37.9487353	-122.0487372
37.9487353	-122.0487372
37.9487353	-122.0487372
37.9487353	-122.0487372
37.9487353	-122.0487372
37.9487354	-122.0487372
37.9487354	-122.0487372
37.9487354	-122.0487372
37.9487354	-122.0487372
37.9487354	-122.0487372
37.9487354	-122.0487372
37.9487354	-122.0487372
37.9487354	-122.0487372
37.9487354	-122.0487372
37.9487354	-122.0487372
37.9487354	-122.048737
37.9487354	-122.048737
37.9487354	-122.048737
37.9487354	-122.048737
37.9487354	-122.048737
37.9487354	-122.048737
37.9487354	-122.048737
37.9487354	-122.048737
37.9487354	-122.048737
37.9487354	-122.048737
37.9487353	-122.0487369
37.9487353	-122.0487369
37.9487353	-122.0487369
37.9487353	-122.0487369
37.9487353	-122.0487369
37.9487353	-122.0487369
37.9487353	-122.0487369
37.9487353	-122.0487369
37.9487353	-122.0487369
37.9487353	-122.0487369
37.9487353	-122.0487369
37.9487353	-122.0487369
37.9487353	-122.0487369
37.9487353	-122.0487369
37.9487353	-122.0487369
37.9487353	-122.0487369
37.9487353	-122.0487369
37.9487353	-122.0487369
37.9487353	-122.0487369
37.9487353	-122.0487369
37.9487353	-122.0487369
37.9487353	-122.0487369
37.9487353	-122.0487369
37.9487353	-122.0487369
37.9487353	-122.0487369
37.9487353	-122.0487369
37.9487353	-122.0487369
37.9487353	-122.0487369
37.9487353	-122.0487369
37.9487353	-122.0487369
37.9487351	-122.0487368
37.9487351	-122.0487368
37.9487351	-122.0487368
37.9487351	-122.0487368
37.9487351	-122.0487368
37.9487351	-122.0487368
37.9487351	-122.0487368
37.9487351	-122.0487368
37.9487351	-122.0487368
37.9487351	-122.0487368
37.9487352	-122.0487368
37.9487352	-122.0487368
37.9487352	-122.0487368
37.9487352	-122.0487368
37.9487352	-122.0487368
37.9487352	-122.0487368
37.9487352	-122.0487368
37.9487352	-122.0487368
37.9487352	-122.0487368
37.9487352	-122.0487368
37.9487352	-122.0487368
37.9487352	-122.0487368
37.9487352	-122.0487368
37.9487352	-122.0487368
37.9487352	-122.0487368
37.9487352	-122.0487368
37.9487352	-122.0487368
37.9487352	-122.0487368
37.9487352	-122.0487368
37.9487352	-122.0487368
37.9487352	-122.0487369
37.9487352	-122.0487369
37.9487352	-122.0487369
37.9487352	-122.0487369
37.9487352	-122.0487369
37.9487352	-122.0487369
37.9487352	-122.0487369
37.9487352	-122.0487369
37.9487352	-122.0487369
37.9487352	-122.0487369
37.9487352	-122.048737
37.9487352	-122.048737
37.9487352	-122.048737
37.9487352	-122.048737
37.9487352	-122.048737
37.9487352	-122.048737
37.9487352	-122.048737
37.9487352	-122.048737
37.9487352	-122.048737
37.9487352	-122.048737
37.9487351	-122.048737
37.9487351	-122.048737
37.9487351	-122.048737
37.9487351	-122.048737
37.9487351	-122.048737
37.9487351	-122.048737
37.9487351	-122.048737
37.9487351	-122.048737
37.9487351	-122.048737
37.9487351	-122.048737
37.9487351	-122.0487372
37.9487351	-122.0487372
37.9487351	-122.0487372
37.9487351	-122.0487372
37.9487351	-122.0487372
37.9487351	-122.0487372
37.9487351	-122.0487372
37.9487351	-122.0487372
37.9487351	-122.0487372
37.9487351	-122.0487372
37.9487351	-122.0487372
37.9487351	-122.0487372
37.9487351	-122.0487372
37.9487351	-122.0487372
37.9487351	-122.0487372
37.9487351	-122.0487372
37.9487351	-122.0487372
37.9487351	-122.0487372
37.9487351	-122.0487372
37.9487351	-122.0487372
37.9487349	-122.0487371
37.9487349	-122.0487371
37.9487349	-122.0487371
37.9487349	-122.0487371
37.9487349	-122.0487371
37.9487349	-122.0487371
37.9487349	-122.0487371
37.9487349	-122.0487371
37.9487349	-122.0487371
37.9487349	-122.0487371
37.9487349	-122.0487372
37.9487349	-122.0487372
37.9487349	-122.0487372
37.9487349	-122.0487372
37.9487349	-122.0487372
37.9487349	-122.0487372
37.9487349	-122.0487372
37.9487349	-122.0487372
37.9487349	-122.0487372
37.9487349	-122.0487372
37.9487349	-122.0487371
37.9487349	-122.0487371
37.9487349	-122.0487371
37.9487349	-122.0487371
37.9487349	-122.0487371
37.9487349	-122.0487371
37.9487349	-122.0487371
37.9487349	-122.0487371
37.9487349	-122.0487371
37.9487349	-122.0487371
37.948735	-122.0487372
37.948735	-122.0487372
37.948735	-122.0487372
37.948735	-122.0487372
37.948735	-122.0487372
37.948735	-122.0487372
37.948735	-122.0487372
37.948735	-122.0487372
37.948735	-122.0487372
37.948735	-122.0487372
37.948735	-122.0487372
37.948735	-122.0487372
37.948735	-122.0487372
37.948735	-122.0487372
37.948735	-122.0487372
37.948735	-122.0487372
37.948735	-122.0487372
37.948735	-122.0487372
37.948735	-122.0487372
37.948735	-122.0487372
37.9487351	-122.0487373
37.9487351	-122.0487373
37.9487351	-122.0487373
37.9487351	-122.0487373
37.9487351	-122.0487373
37.9487351	-122.0487373
37.9487351	-122.0487373
37.9487351	-122.0487373
37.9487351	-122.0487373
37.9487351	-122.0487373
37.9487351	-122.0487373
37.9487351	-122.0487373
37.9487351	-122.0487373
37.9487351	-122.0487373
37.9487351	-122.0487373
37.9487351	-122.0487373
37.9487351	-122.0487373
37.9487351	-122.0487373
37.9487351	-122.0487373
37.9487351	-122.0487373
37.9487352	-122.0487377
37.9487352	-122.0487377
37.9487352	-122.0487377
37.9487352	-122.0487377
37.9487352	-122.0487377
37.9487352	-122.0487377
37.9487352	-122.0487377
37.9487352	-122.0487377
37.9487352	-122.0487377
37.9487352	-122.0487377
37.9487353	-122.048738
37.9487353	-122.048738
37.9487353	-122.048738
37.9487353	-122.048738
37.9487353	-122.048738
37.9487353	-122.048738
37.9487353	-122.048738
37.9487353	-122.048738
37.9487353	-122.048738
37.9487353	-122.048738
37.9487353	-122.0487381
37.9487353	-122.0487381
37.9487353	-122.0487381
37.9487353	-122.0487381
37.9487353	-122.0487381
37.9487353	-122.0487381
37.9487353	-122.0487381
37.9487353	-122.0487381
37.9487353	-122.0487381
37.9487353	-122.0487381
37.9487355	-122.0487383
37.9487355	-122.0487383
37.9487355	-122.0487383
37.9487355	-122.0487383
37.9487355	-122.0487383
37.9487355	-122.0487383
37.9487355	-122.0487383
37.9487355	-122.0487383
37.9487355	-122.0487383
37.9487355	-122.0487383
37.9487356	-122.0487385
37.9487356	-122.0487385
37.9487356	-122.0487385
37.9487356	-122.0487385
37.9487356	-122.0487385
37.9487356	-122.0487385
37.9487356	-122.0487385
37.9487356	-122.0487385
37.9487356	-122.0487385
37.9487356	-122.0487385
37.9487356	-122.0487386
37.9487356	-122.0487386
37.9487356	-122.0487386
37.9487356	-122.0487386
37.9487356	-122.0487386
37.9487356	-122.0487386
37.9487356	-122.0487386
37.9487356	-122.0487386
37.9487356	-122.0487386
37.9487356	-122.0487386
37.9487356	-122.0487385
37.9487356	-122.0487385
37.9487356	-122.0487385
37.9487356	-122.0487385
37.9487356	-122.0487385
37.9487356	-122.0487385
37.9487356	-122.0487385
37.9487356	-122.0487385
37.9487356	-122.0487385
37.9487356	-122.0487385
37.9487356	-122.0487385
37.9487356	-122.0487385
37.9487356	-122.0487385
37.9487356	-122.0487385
37.9487356	-122.0487385
37.9487356	-122.0487385
37.9487356	-122.0487385
37.9487356	-122.0487385
37.9487356	-122.0487385
37.9487356	-122.0487385
37.9487356	-122.0487386
37.9487356	-122.0487386
37.9487356	-122.0487386
37.9487356	-122.0487386
37.9487356	-122.0487386
37.9487356	-122.0487386
37.9487356	-122.0487386
37.9487356	-122.0487386
37.9487356	-122.0487386
37.9487356	-122.0487386
37.9487356	-122.0487387
37.9487356	-122.0487387
37.9487356	-122.0487387
37.9487356	-122.0487387
37.9487356	-122.0487387
37.9487356	-122.0487387
37.9487356	-122.0487387
37.9487356	-122.0487387
37.9487356	-122.0487387
37.9487356	-122.0487387
37.9487354	-122.0487386
37.9487354	-122.0487386
37.9487354	-122.0487386
37.9487354	-122.0487386
37.9487354	-122.0487386
37.9487354	-122.0487386
37.9487354	-122.0487386
37.9487354	-122.0487386
37.9487354	-122.0487386
37.9487354	-122.0487386
37.9487353	-122.0487385
37.9487353	-122.0487385
37.9487353	-122.0487385
37.9487353	-122.0487385
37.9487353	-122.0487385
37.9487353	-122.0487385
37.9487353	-122.0487385
37.9487353	-122.0487385
37.9487353	-122.0487385
37.9487353	-122.0487385
37.9487353	-122.0487385
37.9487353	-122.0487385
37.9487353	-122.0487385
37.9487353	-122.0487385
37.9487353	-122.0487385
37.9487353	-122.0487385
37.9487353	-122.0487385
37.9487353	-122.0487385
37.9487353	-122.0487385
37.9487353	-122.0487385
37.9487354	-122.0487386
37.9487354	-122.0487386
37.9487354	-122.0487386
37.9487354	-122.0487386
37.9487354	-122.0487386
37.9487354	-122.0487386
37.9487354	-122.0487386
37.9487354	-122.0487386
37.9487354	-122.0487386
37.9487354	-122.0487386
37.9487354	-122.0487388
37.9487354	-122.0487388
37.9487354	-122.0487388
37.9487354	-122.0487388
37.9487354	-122.0487388
37.9487354	-122.0487388
37.9487354	-122.0487388
37.9487354	-122.0487388
37.9487354	-122.0487388
37.9487354	-122.0487388
37.9487355	-122.0487389
37.9487355	-122.0487389
37.9487355	-122.0487389
37.9487355	-122.0487389
37.9487355	-122.0487389
37.9487355	-122.0487389
37.9487355	-122.0487389
37.9487355	-122.0487389
37.9487355	-122.0487389
37.9487355	-122.0487389
37.9487356	-122.0487389
37.9487356	-122.0487389
37.9487356	-122.0487389
37.9487356	-122.0487389
37.9487356	-122.0487389
37.9487356	-122.0487389
37.9487356	-122.0487389
37.9487356	-122.0487389
37.9487356	-122.0487389
37.9487356	-122.0487389
37.9487355	-122.0487389
37.9487355	-122.0487389
37.9487355	-122.0487389
37.9487355	-122.0487389
37.9487355	-122.0487389
37.9487355	-122.0487389
37.9487355	-122.0487389
37.9487355	-122.0487389
37.9487355	-122.0487389
37.9487355	-122.0487389
37.9487354	-122.0487389
37.9487354	-122.0487389
37.9487354	-122.0487389
37.9487354	-122.0487389
37.9487354	-122.0487389
37.9487354	-122.0487389
37.9487354	-122.0487389
37.9487354	-122.0487389
37.9487354	-122.0487389
37.9487354	-122.0487389
37.9487355	-122.0487389
37.9487355	-122.0487389
37.9487355	-122.0487389
37.9487355	-122.0487389
37.9487355	-122.0487389
37.9487355	-122.0487389
37.9487355	-122.0487389
37.9487355	-122.0487389
37.9487355	-122.0487389
37.9487355	-122.0487389
37.9487354	-122.0487389
37.9487354	-122.0487389
37.9487354	-122.0487389
37.9487354	-122.0487389
37.9487354	-122.0487389
37.9487354	-122.0487389
37.9487354	-122.0487389
37.9487354	-122.0487389
37.9487354	-122.0487389
37.9487354	-122.0487389
37.9487354	-122.0487389
37.9487354	-122.0487389
37.9487354	-122.0487389
37.9487354	-122.0487389
37.9487354	-122.0487389
37.9487354	-122.0487389
37.9487354	-122.0487389
37.9487354	-122.0487389
37.9487354	-122.0487389
37.9487354	-122.0487389
37.9487353	-122.0487389
37.9487353	-122.0487389
37.9487353	-122.0487389
37.9487353	-122.0487389
37.9487353	-122.0487389
37.9487353	-122.0487389
37.9487353	-122.0487389
37.9487353	-122.0487389
37.9487353	-122.0487389
37.9487353	-122.0487389
37.9487352	-122.048739
37.9487352	-122.048739
37.9487352	-122.048739
37.9487352	-122.048739
37.9487352	-122.048739
37.9487352	-122.048739
37.9487352	-122.048739
37.9487352	-122.048739
37.9487352	-122.048739
37.9487352	-122.048739
37.9487352	-122.0487389
37.9487352	-122.0487389
37.9487352	-122.0487389
37.9487352	-122.0487389
37.9487352	-122.0487389
37.9487352	-122.0487389
37.9487352	-122.0487389
37.9487352	-122.0487389
37.9487352	-122.0487389
37.9487352	-122.0487389
37.9487351	-122.048739
37.9487351	-122.048739
37.9487351	-122.048739
37.9487351	-122.048739
37.9487351	-122.048739
37.9487351	-122.048739
37.9487351	-122.048739
37.9487351	-122.048739
37.9487351	-122.048739
37.9487351	-122.048739
37.9487352	-122.0487389
37.9487352	-122.0487389
37.9487352	-122.0487389
37.9487352	-122.0487389
37.9487352	-122.0487389
37.9487352	-122.0487389
37.9487352	-122.0487389
37.9487352	-122.0487389
37.9487352	-122.0487389
37.9487352	-122.0487389
37.9487352	-122.0487388
37.9487352	-122.0487388
37.9487352	-122.0487388
37.9487352	-122.0487388
37.9487352	-122.0487388
37.9487352	-122.0487388
37.9487352	-122.0487388
37.9487352	-122.0487388
37.9487352	-122.0487388
37.9487352	-122.0487388
37.9487353	-122.0487387
37.9487353	-122.0487387
37.9487353	-122.0487387
37.9487353	-122.0487387
37.9487353	-122.0487387
37.9487353	-122.0487387
37.9487353	-122.0487387
37.9487353	-122.0487387
37.9487353	-122.0487387
37.9487353	-122.0487387
37.9487353	-122.0487384
37.9487353	-122.0487384
37.9487353	-122.0487384
37.9487353	-122.0487384
37.9487353	-122.0487384
37.9487353	-122.0487384
37.9487353	-122.0487384
37.9487353	-122.0487384
37.9487353	-122.0487384
37.9487353	-122.0487384
37.9487353	-122.0487384
37.9487353	-122.0487384
37.9487353	-122.0487384
37.9487353	-122.0487384
37.9487353	-122.0487384
37.9487353	-122.0487384
37.9487353	-122.0487384
37.9487353	-122.0487384
37.9487353	-122.0487384
37.9487353	-122.0487384
37.9487353	-122.0487384
37.9487353	-122.0487384
37.9487353	-122.0487384
37.9487353	-122.0487384
37.9487353	-122.0487384
37.9487353	-122.0487384
37.9487353	-122.0487384
37.9487353	-122.0487384
37.9487353	-122.0487384
37.9487353	-122.0487384
37.9487353	-122.0487383
37.9487353	-122.0487383
37.9487353	-122.0487383
37.9487353	-122.0487383
37.9487353	-122.0487383
37.9487353	-122.0487383
37.9487353	-122.0487383
37.9487353	-122.0487383
37.9487353	-122.0487383
37.9487353	-122.0487383
37.9487352	-122.0487381
37.9487352	-122.0487381
37.9487352	-122.0487381
37.9487352	-122.0487381
37.9487352	-122.0487381
37.9487352	-122.0487381
37.9487352	-122.0487381
37.9487352	-122.0487381
37.9487352	-122.0487381
37.9487352	-122.0487381
37.9487351	-122.048738
37.9487351	-122.048738
37.9487351	-122.048738
37.9487351	-122.048738
37.9487351	-122.048738
37.9487351	-122.048738
37.9487351	-122.048738
37.9487351	-122.048738
37.9487351	-122.048738
37.9487351	-122.048738
37.9487351	-122.048738
37.9487351	-122.048738
37.9487351	-122.048738
37.9487351	-122.048738
37.9487351	-122.048738
37.9487351	-122.048738
37.9487351	-122.048738
37.9487351	-122.048738
37.9487351	-122.048738
37.9487351	-122.048738
37.9487351	-122.0487381
37.9487351	-122.0487381
37.9487351	-122.0487381
37.9487351	-122.0487381
37.9487351	-122.0487381
37.9487351	-122.0487381
37.9487351	-122.0487381
37.9487351	-122.0487381
37.9487351	-122.0487381
37.9487351	-122.0487381
37.948735	-122.0487382
37.948735	-122.0487382
37.948735	-122.0487382
37.948735	-122.0487382
37.948735	-122.0487382
37.948735	-122.0487382
37.948735	-122.0487382
37.948735	-122.0487382
37.948735	-122.0487382
37.948735	-122.0487382
37.948735	-122.0487381
37.948735	-122.0487381
37.948735	-122.0487381
37.948735	-122.0487381
37.948735	-122.0487381
37.948735	-122.0487381
37.948735	-122.0487381
37.948735	-122.0487381
37.948735	-122.0487381
37.948735	-122.0487381
37.948735	-122.0487382
37.948735	-122.0487382
37.948735	-122.0487382
37.948735	-122.0487382
37.948735	-122.0487382
37.948735	-122.0487382
37.948735	-122.0487382
37.948735	-122.0487382
37.948735	-122.0487382
37.948735	-122.0487382
37.948735	-122.0487382
37.948735	-122.0487382
37.948735	-122.0487382
37.948735	-122.0487382
37.948735	-122.0487382
37.948735	-122.0487382
37.948735	-122.0487382
37.948735	-122.0487382
37.948735	-122.0487382
37.948735	-122.0487382
37.9487349	-122.0487382
37.9487349	-122.0487382
37.9487349	-122.0487382
37.9487349	-122.0487382
37.9487349	-122.0487382
37.9487349	-122.0487382
37.9487349	-122.0487382
37.9487349	-122.0487382
37.9487349	-122.0487382
37.9487349	-122.0487382
37.948735	-122.0487382
37.948735	-122.0487382
37.948735	-122.0487382
37.948735	-122.0487382
37.948735	-122.0487382
37.948735	-122.0487382
37.948735	-122.0487382
37.948735	-122.0487382
37.948735	-122.0487382
37.948735	-122.0487382
37.9487348	-122.0487382
37.9487348	-122.0487382
37.9487348	-122.0487382
37.9487348	-122.0487382
37.9487348	-122.0487382
37.9487348	-122.0487382
37.9487348	-122.0487382
37.9487348	-122.0487382
37.9487348	-122.0487382
37.9487348	-122.0487382
37.9487349	-122.0487381
37.9487349	-122.0487381
37.9487349	-122.0487381
37.9487349	-122.0487381
37.9487349	-122.0487381
37.9487349	-122.0487381
37.9487349	-122.0487381
37.9487349	-122.0487381
37.9487349	-122.0487381
37.9487349	-122.0487381
37.9487351	-122.0487378
37.9487351	-122.0487378
37.9487351	-122.0487378
37.9487351	-122.0487378
37.9487351	-122.0487378
37.9487351	-122.0487378
37.9487351	-122.0487378
37.9487351	-122.0487378
37.9487351	-122.0487378
37.9487351	-122.0487378
37.9487352	-122.0487375
37.9487352	-122.0487375
37.9487352	-122.0487375
37.9487352	-122.0487375
37.9487352	-122.0487375
37.9487352	-122.0487375
37.9487352	-122.0487375
37.9487352	-122.0487375
37.9487352	-122.0487375
37.9487352	-122.0487375
37.9487351	-122.0487374
37.9487351	-122.0487374
37.9487351	-122.0487374
37.9487351	-122.0487374
37.9487351	-122.0487374
37.9487351	-122.0487374
37.9487351	-122.0487374
37.9487351	-122.0487374
37.9487351	-122.0487374
37.9487351	-122.0487374
37.9487351	-122.048737
37.9487351	-122.048737
37.9487351	-122.048737
37.9487351	-122.048737
37.9487351	-122.048737
37.9487351	-122.048737
37.9487351	-122.048737
37.9487351	-122.048737
37.9487351	-122.048737
37.9487351	-122.048737
37.9487351	-122.0487369
37.9487351	-122.0487369
37.9487351	-122.0487369
37.9487351	-122.0487369
37.9487351	-122.0487369
37.9487351	-122.0487369
37.9487351	-122.0487369
37.9487351	-122.0487369
37.9487351	-122.0487369
37.9487351	-122.0487369
37.9487351	-122.0487367
37.9487351	-122.0487367
37.9487351	-122.0487367
37.9487351	-122.0487367
37.9487351	-122.0487367
37.9487351	-122.0487367
37.9487351	-122.0487367
37.9487351	-122.0487367
37.9487351	-122.0487367
37.9487351	-122.0487367
37.9487351	-122.0487363
37.9487351	-122.0487363
37.9487351	-122.0487363
37.9487351	-122.0487363
37.9487351	-122.0487363
37.9487351	-122.0487363
37.9487351	-122.0487363
37.9487351	-122.0487363
37.9487351	-122.0487363
37.9487351	-122.0487363
37.9487349	-122.0487363
37.9487349	-122.0487363
37.9487349	-122.0487363
37.9487349	-122.0487363
37.9487349	-122.0487363
37.9487349	-122.0487363
37.9487349	-122.0487363
37.9487349	-122.0487363
37.9487349	-122.0487363
37.9487349	-122.0487363
37.9487348	-122.0487363
37.9487348	-122.0487363
37.9487348	-122.0487363
37.9487348	-122.0487363
37.9487348	-122.0487363
37.9487348	-122.0487363
37.9487348	-122.0487363
37.9487348	-122.0487363
37.9487348	-122.0487363
37.9487348	-122.0487363
37.9487347	-122.0487362
37.9487347	-122.0487362
37.9487347	-122.0487362
37.9487347	-122.0487362
37.9487347	-122.0487362
37.9487347	-122.0487362
37.9487347	-122.0487362
37.9487347	-122.0487362
37.9487347	-122.0487362
37.9487347	-122.0487362
37.9487346	-122.0487362
37.9487346	-122.0487362
37.9487346	-122.0487362
37.9487346	-122.0487362
37.9487346	-122.0487362
37.9487346	-122.0487362
37.9487346	-122.0487362
37.9487346	-122.0487362
37.9487346	-122.0487362
37.9487346	-122.0487362
37.9487346	-122.0487361
37.9487346	-122.0487361
37.9487346	-122.0487361
37.9487346	-122.0487361
37.9487346	-122.0487361
37.9487346	-122.0487361
37.9487346	-122.0487361
37.9487346	-122.0487361
37.9487346	-122.0487361
37.9487346	-122.0487361
37.9487344	-122.0487361
37.9487344	-122.0487361
37.9487344	-122.0487361
37.9487344	-122.0487361
37.9487344	-122.0487361
37.9487344	-122.0487361
37.9487344	-122.0487361
37.9487344	-122.0487361
37.9487344	-122.0487361
37.9487344	-122.0487361
37.9487344	-122.0487359
37.9487344	-122.0487359
37.9487344	-122.0487359
37.9487344	-122.0487359
37.9487344	-122.0487359
37.9487344	-122.0487359
37.9487344	-122.0487359
37.9487344	-122.0487359
37.9487344	-122.0487359
37.9487344	-122.0487359
37.9487344	-122.048736
37.9487344	-122.048736
37.9487344	-122.048736
37.9487344	-122.048736
37.9487344	-122.048736
37.9487344	-122.048736
37.9487344	-122.048736
37.9487344	-122.048736
37.9487344	-122.048736
37.9487344	-122.048736
37.9487344	-122.0487357
37.9487344	-122.0487357
37.9487344	-122.0487357
37.9487344	-122.0487357
37.9487344	-122.0487357
37.9487344	-122.0487357
37.9487344	-122.0487357
37.9487344	-122.0487357
37.9487344	-122.0487357
37.9487344	-122.0487357
37.9487346	-122.0487356
37.9487346	-122.0487356
37.9487346	-122.0487356
37.9487346	-122.0487356
37.9487346	-122.0487356
37.9487346	-122.0487356
37.9487346	-122.0487356
37.9487346	-122.0487356
37.9487346	-122.0487356
37.9487346	-122.0487356
37.9487346	-122.0487354
37.9487346	-122.0487354
37.9487346	-122.0487354
37.9487346	-122.0487354
37.9487346	-122.0487354
37.9487346	-122.0487354
37.9487346	-122.0487354
37.9487346	-122.0487354
37.9487346	-122.0487354
37.9487346	-122.0487354
37.9487348	-122.0487353
37.9487348	-122.0487353
37.9487348	-122.0487353
37.9487348	-122.0487353
37.9487348	-122.0487353
37.9487348	-122.0487353
37.9487348	-122.0487353
37.9487348	-122.0487353
37.9487348	-122.0487353
37.9487348	-122.0487353
37.9487347	-122.0487353
37.9487347	-122.0487353
37.9487347	-122.0487353
37.9487347	-122.0487353
37.9487347	-122.0487353
37.9487347	-122.0487353
37.9487347	-122.0487353
37.9487347	-122.0487353
37.9487347	-122.0487353
37.9487347	-122.0487353
37.9487347	-122.0487354
37.9487347	-122.0487354
37.9487347	-122.0487354
37.9487347	-122.0487354
37.9487347	-122.0487354
37.9487347	-122.0487354
37.9487347	-122.0487354
37.9487347	-122.0487354
37.9487347	-122.0487354
37.9487347	-122.0487354
37.9487348	-122.0487353
37.9487348	-122.0487353
37.9487348	-122.0487353
37.9487348	-122.0487353
37.9487348	-122.0487353
37.9487348	-122.0487353
37.9487348	-122.0487353
37.9487348	-122.0487353
37.9487348	-122.0487353
37.9487348	-122.0487353
37.9487348	-122.0487355
37.9487348	-122.0487355
37.9487348	-122.0487355
37.9487348	-122.0487355
37.9487348	-122.0487355
37.9487348	-122.0487355
37.9487348	-122.0487355
37.9487348	-122.0487355
37.9487348	-122.0487355
37.9487348	-122.0487355
37.9487349	-122.0487353
37.9487349	-122.0487353
37.9487349	-122.0487353
37.9487349	-122.0487353
37.9487349	-122.0487353
37.9487349	-122.0487353
37.9487349	-122.0487353
37.9487349	-122.0487353
37.9487349	-122.0487353
37.9487349	-122.0487353
37.9487348	-122.0487354
37.9487348	-122.0487354
37.9487348	-122.0487354
37.9487348	-122.0487354
37.9487348	-122.0487354
37.9487348	-122.0487354
37.9487348	-122.0487354
37.9487348	-122.0487354
37.9487348	-122.0487354
37.9487348	-122.0487354
37.9487349	-122.0487352
37.9487349	-122.0487352
37.9487349	-122.0487352
37.9487349	-122.0487352
37.9487349	-122.0487352
37.9487349	-122.0487352
37.9487349	-122.0487352
37.9487349	-122.0487352
37.9487349	-122.0487352
37.9487349	-122.0487352
37.9487349	-122.0487351
37.9487349	-122.0487351
37.9487349	-122.0487351
37.9487349	-122.0487351
37.9487349	-122.0487351
37.9487349	-122.0487351
37.9487349	-122.0487351
37.9487349	-122.0487351
37.9487349	-122.0487351
37.9487349	-122.0487351
37.9487349	-122.0487349
37.9487349	-122.0487349
37.9487349	-122.0487349
37.9487349	-122.0487349
37.9487349	-122.0487349
37.9487349	-122.0487349
37.9487349	-122.0487349
37.9487349	-122.0487349
37.9487349	-122.0487349
37.9487349	-122.0487349
37.9487348	-122.0487349
37.9487348	-122.0487349
37.9487348	-122.0487349
37.9487348	-122.0487349
37.9487348	-122.0487349
37.9487348	-122.0487349
37.9487348	-122.0487349
37.9487348	-122.0487349
37.9487348	-122.0487349
37.9487348	-122.0487349
37.9487347	-122.0487348
37.9487347	-122.0487348
37.9487347	-122.0487348
37.9487347	-122.0487348
37.9487347	-122.0487348
37.9487347	-122.0487348
37.9487347	-122.0487348
37.9487347	-122.0487348
37.9487347	-122.0487348
37.9487347	-122.0487348
37.9487347	-122.0487346
37.9487347	-122.0487346
37.9487347	-122.0487346
37.9487347	-122.0487346
37.9487347	-122.0487346
37.9487347	-122.0487346
37.9487347	-122.0487346
37.9487347	-122.0487346
37.9487347	-122.0487346
37.9487347	-122.0487346
37.9487348	-122.0487343
37.9487348	-122.0487343
37.9487348	-122.0487343
37.9487348	-122.0487343
37.9487348	-122.0487343
37.9487348	-122.0487343
37.9487348	-122.0487343
37.9487348	-122.0487343
37.9487348	-122.0487343
37.9487348	-122.0487343
37.9487347	-122.0487341
37.9487347	-122.0487341
37.9487347	-122.0487341
37.9487347	-122.0487341
37.9487347	-122.0487341
37.9487347	-122.0487341
37.9487347	-122.0487341
37.9487347	-122.0487341
37.9487347	-122.0487341
37.9487347	-122.0487341
37.9487346	-122.0487339
37.9487346	-122.0487339
37.9487346	-122.0487339
37.9487346	-122.0487339
37.9487346	-122.0487339
37.9487346	-122.0487339
37.9487346	-122.0487339
37.9487346	-122.0487339
37.9487346	-122.0487339
37.9487346	-122.0487339
37.9487345	-122.0487339
37.9487345	-122.0487339
37.9487345	-122.0487339
37.9487345	-122.0487339
37.9487345	-122.0487339
37.9487345	-122.0487339
37.9487345	-122.0487339
37.9487345	-122.0487339
37.9487345	-122.0487339
37.9487345	-122.0487339
37.9487343	-122.0487337
37.9487343	-122.0487337
37.9487343	-122.0487337
37.9487343	-122.0487337
37.9487343	-122.0487337
37.9487343	-122.0487337
37.9487343	-122.0487337
37.9487343	-122.0487337
37.9487343	-122.0487337
37.9487343	-122.0487337
37.9487342	-122.0487336
37.9487342	-122.0487336
37.9487342	-122.0487336
37.9487342	-122.0487336
37.9487342	-122.0487336
37.9487342	-122.0487336
37.9487342	-122.0487336
37.9487342	-122.0487336
37.9487342	-122.0487336
37.9487342	-122.0487336
37.948734	-122.0487333
37.948734	-122.0487333
37.948734	-122.0487333
37.948734	-122.0487333
37.948734	-122.0487333
37.948734	-122.0487333
37.948734	-122.0487333
37.948734	-122.0487333
37.948734	-122.0487333
37.948734	-122.0487333
37.9487339	-122.0487332
37.9487339	-122.0487332
37.9487339	-122.0487332
37.9487339	-122.0487332
37.9487339	-122.0487332
37.9487339	-122.0487332
37.9487339	-122.0487332
37.9487339	-122.0487332
37.9487339	-122.0487332
37.9487339	-122.0487332
37.9487339	-122.0487329
37.9487339	-122.0487329
37.9487339	-122.0487329
37.9487339	-122.0487329
37.9487339	-122.0487329
37.9487339	-122.0487329
37.9487339	-122.0487329
37.9487339	-122.0487329
37.9487339	-122.0487329
37.9487339	-122.0487329
37.9487338	-122.0487326
37.9487338	-122.0487326
37.9487338	-122.0487326
37.9487338	-122.0487326
37.9487338	-122.0487326
37.9487338	-122.0487326
37.9487338	-122.0487326
37.9487338	-122.0487326
37.9487338	-122.0487326
37.9487338	-122.0487326
37.9487337	-122.0487326
37.9487337	-122.0487326
37.9487337	-122.0487326
37.9487337	-122.0487326
37.9487337	-122.0487326
37.9487337	-122.0487326
37.9487337	-122.0487326
37.9487337	-122.0487326
37.9487337	-122.0487326
37.9487337	-122.0487326
37.9487336	-122.0487322
37.9487336	-122.0487322
37.9487336	-122.0487322
37.9487336	-122.0487322
37.9487336	-122.0487322
37.9487336	-122.0487322
37.9487336	-122.0487322
37.9487336	-122.0487322
37.9487336	-122.0487322
37.9487336	-122.0487322
37.9487335	-122.0487321
37.9487335	-122.0487321
37.9487335	-122.0487321
37.9487335	-122.0487321
37.9487335	-122.0487321
37.9487335	-122.0487321
37.9487335	-122.0487321
37.9487335	-122.0487321
37.9487335	-122.0487321
37.9487335	-122.0487321
37.9487336	-122.0487319
37.9487336	-122.0487319
37.9487336	-122.0487319
37.9487336	-122.0487319
37.9487336	-122.0487319
37.9487336	-122.0487319
37.9487336	-122.0487319
37.9487336	-122.0487319
37.9487336	-122.0487319
37.9487336	-122.0487319
37.9487336	-122.0487318
37.9487336	-122.0487318
37.9487336	-122.0487318
37.9487336	-122.0487318
37.9487336	-122.0487318
37.9487336	-122.0487318
37.9487336	-122.0487318
37.9487336	-122.0487318
37.9487336	-122.0487318
37.9487336	-122.0487318
37.9487336	-122.0487317
37.9487336	-122.0487317
37.9487336	-122.0487317
37.9487336	-122.0487317
37.9487336	-122.0487317
37.9487336	-122.0487317
37.9487336	-122.0487317
37.9487336	-122.0487317
37.9487336	-122.0487317
37.9487336	-122.0487317
37.9487338	-122.0487314
37.9487338	-122.0487314
37.9487338	-122.0487314
37.9487338	-122.0487314
37.9487338	-122.0487314
37.9487338	-122.0487314
37.9487338	-122.0487314
37.9487338	-122.0487314
37.9487338	-122.0487314
37.9487338	-122.0487314
37.9487337	-122.0487312
37.9487337	-122.0487312
37.9487337	-122.0487312
37.9487337	-122.0487312
37.9487337	-122.0487312
37.9487337	-122.0487312
37.9487337	-122.0487312
37.9487337	-122.0487312
37.9487337	-122.0487312
37.9487337	-122.0487312
37.9487336	-122.048731
37.9487336	-122.048731
37.9487336	-122.048731
37.9487336	-122.048731
37.9487336	-122.048731
37.9487336	-122.048731
37.9487336	-122.048731
37.9487336	-122.048731
37.9487336	-122.048731
37.9487336	-122.048731
37.9487334	-122.0487309
37.9487334	-122.0487309
37.9487334	-122.0487309
37.9487334	-122.0487309
37.9487334	-122.0487309
37.9487334	-122.0487309
37.9487334	-122.0487309
37.9487334	-122.0487309
37.9487334	-122.0487309
37.9487334	-122.0487309
37.9487334	-122.0487306
37.9487334	-122.0487306
37.9487334	-122.0487306
37.9487334	-122.0487306
37.9487334	-122.0487306
37.9487334	-122.0487306
37.9487334	-122.0487306
37.9487334	-122.0487306
37.9487334	-122.0487306
37.9487334	-122.0487306
37.9487334	-122.0487303
37.9487334	-122.0487303
37.9487334	-122.0487303
37.9487334	-122.0487303
37.9487334	-122.0487303
37.9487334	-122.0487303
37.9487334	-122.0487303
37.9487334	-122.0487303
37.9487334	-122.0487303
37.9487334	-122.0487303
37.9487334	-122.04873
37.9487334	-122.04873
37.9487334	-122.04873
37.9487334	-122.04873
37.9487334	-122.04873
37.9487334	-122.04873
37.9487334	-122.04873
37.9487334	-122.04873
37.9487334	-122.04873
37.9487334	-122.04873
37.9487335	-122.0487298
37.9487335	-122.0487298
37.9487335	-122.0487298
37.9487335	-122.0487298
37.9487335	-122.0487298
37.9487335	-122.0487298
37.9487335	-122.0487298
37.9487335	-122.0487298
37.9487335	-122.0487298
37.9487335	-122.0487298
37.9487336	-122.0487296
37.9487336	-122.0487296
37.9487336	-122.0487296
37.9487336	-122.0487296
37.9487336	-122.0487296
37.9487336	-122.0487296
37.9487336	-122.0487296
37.9487336	-122.0487296
37.9487336	-122.0487296
37.9487336	-122.0487296
37.9487337	-122.0487294
37.9487337	-122.0487294
37.9487337	-122.0487294
37.9487337	-122.0487294
37.9487337	-122.0487294
37.9487337	-122.0487294
37.9487337	-122.0487294
37.9487337	-122.0487294
37.9487337	-122.0487294
37.9487337	-122.0487294
37.9487338	-122.0487293
37.9487338	-122.0487293
37.9487338	-122.0487293
37.9487338	-122.0487293
37.9487338	-122.0487293
37.9487338	-122.0487293
37.9487338	-122.0487293
37.9487338	-122.0487293
37.9487338	-122.0487293
37.9487338	-122.0487293
37.948734	-122.0487291
37.948734	-122.0487291
37.948734	-122.0487291
37.948734	-122.0487291
37.948734	-122.0487291
37.948734	-122.0487291
37.948734	-122.0487291
37.948734	-122.0487291
37.948734	-122.0487291
37.948734	-122.0487291
37.948734	-122.0487289
37.948734	-122.0487289
37.948734	-122.0487289
37.948734	-122.0487289
37.948734	-122.0487289
37.948734	-122.0487289
37.948734	-122.0487289
37.948734	-122.0487289
37.948734	-122.0487289
37.948734	-122.0487289
37.948734	-122.0487288
37.948734	-122.0487288
37.948734	-122.0487288
37.948734	-122.0487288
37.948734	-122.0487288
37.948734	-122.0487288
37.948734	-122.0487288
37.948734	-122.0487288
37.948734	-122.0487288
37.948734	-122.0487288
37.9487341	-122.0487287
37.9487341	-122.0487287
37.9487341	-122.0487287
37.9487341	-122.0487287
37.9487341	-122.0487287
37.9487341	-122.0487287
37.9487341	-122.0487287
37.9487341	-122.0487287
37.9487341	-122.0487287
37.9487341	-122.0487287
37.948734	-122.0487285
37.948734	-122.0487285
37.948734	-122.0487285
37.948734	-122.0487285
37.948734	-122.0487285
37.948734	-122.0487285
37.948734	-122.0487285
37.948734	-122.0487285
37.948734	-122.0487285
37.948734	-122.0487285
37.948734	-122.0487285
37.948734	-122.0487285
37.948734	-122.0487285
37.948734	-122.0487285
37.948734	-122.0487285
37.948734	-122.0487285
37.948734	-122.0487285
37.948734	-122.0487285
37.948734	-122.0487285
37.948734	-122.0487285
37.9487339	-122.0487284
37.9487339	-122.0487284
37.9487339	-122.0487284
37.9487339	-122.0487284
37.9487339	-122.0487284
37.9487339	-122.0487284
37.9487339	-122.0487284
37.9487339	-122.0487284
37.9487339	-122.0487284
37.9487339	-122.0487284
37.9487339	-122.0487282
37.9487339	-122.0487282
37.9487339	-122.0487282
37.9487339	-122.0487282
37.9487339	-122.0487282
37.9487339	-122.0487282
37.9487339	-122.0487282
37.9487339	-122.0487282
37.9487339	-122.0487282
37.9487339	-122.0487282
37.9487341	-122.0487282
37.9487341	-122.0487282
37.9487341	-122.0487282
37.9487341	-122.0487282
37.9487341	-122.0487282
37.9487341	-122.0487282
37.9487341	-122.0487282
37.9487341	-122.0487282
37.9487341	-122.0487282
37.9487341	-122.0487282
37.9487341	-122.048728
37.9487341	-122.048728
37.9487341	-122.048728
37.9487341	-122.048728
37.9487341	-122.048728
37.9487341	-122.048728
37.9487341	-122.048728
37.9487341	-122.048728
37.9487341	-122.048728
37.9487341	-122.048728
37.9487341	-122.0487279
37.9487341	-122.0487279
37.9487341	-122.0487279
37.9487341	-122.0487279
37.9487341	-122.0487279
37.9487341	-122.0487279
37.9487341	-122.0487279
37.9487341	-122.0487279
37.9487341	-122.0487279
37.9487341	-122.0487279
37.948734	-122.0487277
37.948734	-122.0487277
37.948734	-122.0487277
37.948734	-122.0487277
37.948734	-122.0487277
37.948734	-122.0487277
37.948734	-122.0487277
37.948734	-122.0487277
37.948734	-122.0487277
37.948734	-122.0487277
37.948734	-122.0487275
37.948734	-122.0487275
37.948734	-122.0487275
37.948734	-122.0487275
37.948734	-122.0487275
37.948734	-122.0487275
37.948734	-122.0487275
37.948734	-122.0487275
37.948734	-122.0487275
37.948734	-122.0487275
37.9487339	-122.0487275
37.9487339	-122.0487275
37.9487339	-122.0487275
37.9487339	-122.0487275
37.9487339	-122.0487275
37.9487339	-122.0487275
37.9487339	-122.0487275
37.9487339	-122.0487275
37.9487339	-122.0487275
37.9487339	-122.0487275
37.948734	-122.0487274
37.948734	-122.0487274
37.948734	-122.0487274
37.948734	-122.0487274
37.948734	-122.0487274
37.948734	-122.0487274
37.948734	-122.0487274
37.948734	-122.0487274
37.948734	-122.0487274
37.948734	-122.0487274
37.9487341	-122.0487274
37.9487341	-122.0487274
37.9487341	-122.0487274
37.9487341	-122.0487274
37.9487341	-122.0487274
37.9487341	-122.0487274
37.9487341	-122.0487274
37.9487341	-122.0487274
37.9487341	-122.0487274
37.9487341	-122.0487274
37.9487341	-122.0487274
37.9487341	-122.0487274
37.9487341	-122.0487274
37.9487341	-122.0487274
37.9487341	-122.0487274
37.9487341	-122.0487274
37.9487341	-122.0487274
37.9487341	-122.0487274
37.9487341	-122.0487274
37.9487341	-122.0487274
37.9487341	-122.0487273
37.9487341	-122.0487273
37.9487341	-122.0487273
37.9487341	-122.0487273
37.9487341	-122.0487273
37.9487341	-122.0487273
37.9487341	-122.0487273
37.9487341	-122.0487273
37.9487341	-122.0487273
37.9487341	-122.0487273
37.9487341	-122.0487274
37.9487341	-122.0487274
37.9487341	-122.0487274
37.9487341	-122.0487274
37.9487341	-122.0487274
37.9487341	-122.0487274
37.9487341	-122.0487274
37.9487341	-122.0487274
37.9487341	-122.0487274
37.9487341	-122.0487274
37.948734	-122.0487275
37.948734	-122.0487275
37.948734	-122.0487275
37.948734	-122.0487275
37.948734	-122.0487275
37.948734	-122.0487275
37.948734	-122.0487275
37.948734	-122.0487275
37.948734	-122.0487275
37.948734	-122.0487275
37.9487339	-122.0487276
37.9487339	-122.0487276
37.9487339	-122.0487276
37.9487339	-122.0487276
37.9487339	-122.0487276
37.9487339	-122.0487276
37.9487339	-122.0487276
37.9487339	-122.0487276
37.9487339	-122.0487276
37.9487339	-122.0487276
37.9487339	-122.0487276
37.9487339	-122.0487276
37.9487339	-122.0487276
37.9487339	-122.0487276
37.9487339	-122.0487276
37.9487339	-122.0487276
37.9487339	-122.0487276
37.9487339	-122.0487276
37.9487339	-122.0487276
37.9487339	-122.0487276
37.9487339	-122.0487278
37.9487339	-122.0487278
37.9487339	-122.0487278
37.9487339	-122.0487278
37.9487339	-122.0487278
37.9487339	-122.0487278
37.9487339	-122.0487278
37.9487339	-122.0487278
37.9487339	-122.0487278
37.9487339	-122.0487278
37.9487338	-122.0487278
37.9487338	-122.0487278
37.9487338	-122.0487278
37.9487338	-122.0487278
37.9487338	-122.0487278
37.9487338	-122.0487278
37.9487338	-122.0487278
37.9487338	-122.0487278
37.9487338	-122.0487278
37.9487338	-122.0487278
37.9487336	-122.048728
37.9487336	-122.048728
37.9487336	-122.048728
37.9487336	-122.048728
37.9487336	-122.048728
37.9487336	-122.048728
37.9487336	-122.048728
37.9487336	-122.048728
37.9487336	-122.048728
37.9487336	-122.048728
37.9487336	-122.0487281
37.9487336	-122.0487281
37.9487336	-122.0487281
37.9487336	-122.0487281
37.9487336	-122.0487281
37.9487336	-122.0487281
37.9487336	-122.0487281
37.9487336	-122.0487281
37.9487336	-122.0487281
37.9487336	-122.0487281
37.9487335	-122.0487282
37.9487335	-122.0487282
37.9487335	-122.0487282
37.9487335	-122.0487282
37.9487335	-122.0487282
37.9487335	-122.0487282
37.9487335	-122.0487282
37.9487335	-122.0487282
37.9487335	-122.0487282
37.9487335	-122.0487282
37.9487333	-122.0487282
37.9487333	-122.0487282
37.9487333	-122.0487282
37.9487333	-122.0487282
37.9487333	-122.0487282
37.9487333	-122.0487282
37.9487333	-122.0487282
37.9487333	-122.0487282
37.9487333	-122.0487282
37.9487333	-122.0487282
37.9487331	-122.0487282
37.9487331	-122.0487282
37.9487331	-122.0487282
37.9487331	-122.0487282
37.9487331	-122.0487282
37.9487331	-122.0487282
37.9487331	-122.0487282
37.9487331	-122.0487282
37.9487331	-122.0487282
37.9487331	-122.0487282
37.948733	-122.0487281
37.948733	-122.0487281
37.948733	-122.0487281
37.948733	-122.0487281
37.948733	-122.0487281
37.948733	-122.0487281
37.948733	-122.0487281
37.948733	-122.0487281
37.948733	-122.0487281
37.948733	-122.0487281
37.9487329	-122.0487278
37.9487329	-122.0487278
37.9487329	-122.0487278
37.9487329	-122.0487278
37.9487329	-122.0487278
37.9487329	-122.0487278
37.9487329	-122.0487278
37.9487329	-122.0487278
37.9487329	-122.0487278
37.9487329	-122.0487278
37.9487328	-122.0487275
37.9487328	-122.0487275
37.9487328	-122.0487275
37.9487328	-122.0487275
37.9487328	-122.0487275
37.9487328	-122.0487275
37.9487328	-122.0487275
37.9487328	-122.0487275
37.9487328	-122.0487275
37.9487328	-122.0487275
37.9487327	-122.0487274
37.9487327	-122.0487274
37.9487327	-122.0487274
37.9487327	-122.0487274
37.9487327	-122.0487274
37.9487327	-122.0487274
37.9487327	-122.0487274
37.9487327	-122.0487274
37.9487327	-122.0487274
37.9487327	-122.0487274
37.9487327	-122.0487274
37.9487327	-122.0487274
37.9487327	-122.0487274
37.9487327	-122.0487274
37.9487327	-122.0487274
37.9487327	-122.0487274
37.9487327	-122.0487274
37.9487327	-122.0487274
37.9487327	-122.0487274
37.9487327	-122.0487274
37.9487328	-122.0487271
37.9487328	-122.0487271
37.9487328	-122.0487271
37.9487328	-122.0487271
37.9487328	-122.0487271
37.9487328	-122.0487271
37.9487328	-122.0487271
37.9487328	-122.0487271
37.9487328	-122.0487271
37.9487328	-122.0487271
37.9487329	-122.0487269
37.9487329	-122.0487269
37.9487329	-122.0487269
37.9487329	-122.0487269
37.9487329	-122.0487269
37.9487329	-122.0487269
37.9487329	-122.0487269
37.9487329	-122.0487269
37.9487329	-122.0487269
37.9487329	-122.0487269
37.9487329	-122.0487267
37.9487329	-122.0487267
37.9487329	-122.0487267
37.9487329	-122.0487267
37.9487329	-122.0487267
37.9487329	-122.0487267
37.9487329	-122.0487267
37.9487329	-122.0487267
37.9487329	-122.0487267
37.9487329	-122.0487267
37.9487327	-122.0487268
37.9487327	-122.0487268
37.9487327	-122.0487268
37.9487327	-122.0487268
37.9487327	-122.0487268
37.9487327	-122.0487268
37.9487327	-122.0487268
37.9487327	-122.0487268
37.9487327	-122.0487268
37.9487327	-122.0487268
37.9487327	-122.0487266
37.9487327	-122.0487266
37.9487327	-122.0487266
37.9487327	-122.0487266
37.9487327	-122.0487266
37.9487327	-122.0487266
37.9487327	-122.0487266
37.9487327	-122.0487266
37.9487327	-122.0487266
37.9487327	-122.0487266
37.9487327	-122.0487264
37.9487327	-122.0487264
37.9487327	-122.0487264
37.9487327	-122.0487264
37.9487327	-122.0487264
37.9487327	-122.0487264
37.9487327	-122.0487264
37.9487327	-122.0487264
37.9487327	-122.0487264
37.9487327	-122.0487264
37.948733	-122.0487261
37.948733	-122.0487261
37.948733	-122.0487261
37.948733	-122.0487261
37.948733	-122.0487261
37.948733	-122.0487261
37.948733	-122.0487261
37.948733	-122.0487261
37.948733	-122.0487261
37.948733	-122.0487261
37.9487331	-122.0487259
37.9487331	-122.0487259
37.9487331	-122.0487259
37.9487331	-122.0487259
37.9487331	-122.0487259
37.9487331	-122.0487259
37.9487331	-122.0487259
37.9487331	-122.0487259
37.9487331	-122.0487259
37.9487331	-122.0487259
37.9487331	-122.0487256
37.9487331	-122.0487256
37.9487331	-122.0487256
37.9487331	-122.0487256
37.9487331	-122.0487256
37.9487331	-122.0487256
37.9487331	-122.0487256
37.9487331	-122.0487256
37.9487331	-122.0487256
37.9487331	-122.0487256
37.9487332	-122.0487257
37.9487332	-122.0487257
37.9487332	-122.0487257
37.9487332	-122.0487257
37.9487332	-122.0487257
37.9487332	-122.0487257
37.9487332	-122.0487257
37.9487332	-122.0487257
37.9487332	-122.0487257
37.9487332	-122.0487257
37.9487331	-122.0487254
37.9487331	-122.0487254
37.9487331	-122.0487254
37.9487331	-122.0487254
37.9487331	-122.0487254
37.9487331	-122.0487254
37.9487331	-122.0487254
37.9487331	-122.0487254
37.9487331	-122.0487254
37.9487331	-122.0487254
37.9487324	-122.0487243
37.9487324	-122.0487243
37.9487324	-122.0487243
37.9487324	-122.0487243
37.9487324	-122.0487243
37.9487324	-122.0487243
37.9487324	-122.0487243
37.9487324	-122.0487243
37.9487324	-122.0487243
37.9487324	-122.0487243
37.9487315	-122.0487232
37.9487315	-122.0487232
37.9487315	-122.0487232
37.9487315	-122.0487232
37.9487315	-122.0487232
37.9487315	-122.0487232
37.9487315	-122.0487232
37.9487315	-122.0487232
37.9487315	-122.0487232
37.9487315	-122.0487232
37.9487314	-122.048723
37.9487314	-122.048723
37.9487314	-122.048723
37.9487314	-122.048723
37.9487314	-122.048723
37.9487314	-122.048723
37.9487314	-122.048723
37.9487314	-122.048723
37.9487314	-122.048723
37.9487314	-122.048723
37.9487313	-122.0487227
37.9487313	-122.0487227
37.9487313	-122.0487227
37.9487313	-122.0487227
37.9487313	-122.0487227
37.9487313	-122.0487227
37.9487313	-122.0487227
37.9487313	-122.0487227
37.9487313	-122.0487227
37.9487313	-122.0487227
37.9487312	-122.0487224
37.9487312	-122.0487224
37.9487312	-122.0487224
37.9487312	-122.0487224
37.9487312	-122.0487224
37.9487312	-122.0487224
37.9487312	-122.0487224
37.9487312	-122.0487224
37.9487312	-122.0487224
37.9487312	-122.0487224
37.9487308	-122.0487218
37.9487308	-122.0487218
37.9487308	-122.0487218
37.9487308	-122.0487218
37.9487308	-122.0487218
37.9487308	-122.0487218
37.9487308	-122.0487218
37.9487308	-122.0487218
37.9487308	-122.0487218
37.9487308	-122.0487218
37.9487305	-122.0487215
37.9487305	-122.0487215
37.9487305	-122.0487215
37.9487305	-122.0487215
37.9487305	-122.0487215
37.9487305	-122.0487215
37.9487305	-122.0487215
37.9487305	-122.0487215
37.9487305	-122.0487215
37.9487305	-122.0487215
37.9487305	-122.0487215
37.9487305	-122.0487215
37.9487305	-122.0487215
37.9487305	-122.0487215
37.9487305	-122.0487215
37.9487305	-122.0487215
37.9487305	-122.0487215
37.9487305	-122.0487215
37.9487305	-122.0487215
37.9487305	-122.0487215
37.9487304	-122.0487215
37.9487304	-122.0487215
37.9487304	-122.0487215
37.9487304	-122.0487215
37.9487304	-122.0487215
37.9487304	-122.0487215
37.9487304	-122.0487215
37.9487304	-122.0487215
37.9487304	-122.0487215
37.9487304	-122.0487215
37.9487305	-122.0487214
37.9487305	-122.0487214
37.9487305	-122.0487214
37.9487305	-122.0487214
37.9487305	-122.0487214
37.9487305	-122.0487214
37.9487305	-122.0487214
37.9487305	-122.0487214
37.9487305	-122.0487214
37.9487305	-122.0487214
37.9487303	-122.0487213
37.9487303	-122.0487213
37.9487303	-122.0487213
37.9487303	-122.0487213
37.9487303	-122.0487213
37.9487303	-122.0487213
37.9487303	-122.0487213
37.9487303	-122.0487213
37.9487303	-122.0487213
37.9487303	-122.0487213
37.9487303	-122.0487214
37.9487303	-122.0487214
37.9487303	-122.0487214
37.9487303	-122.0487214
37.9487303	-122.0487214
37.9487303	-122.0487214
37.9487303	-122.0487214
37.9487303	-122.0487214
37.9487303	-122.0487214
37.9487303	-122.0487214
37.9487303	-122.0487212
37.9487303	-122.0487212
37.9487303	-122.0487212
37.9487303	-122.0487212
37.9487303	-122.0487212
37.9487303	-122.0487212
37.9487303	-122.0487212
37.9487303	-122.0487212
37.9487303	-122.0487212
37.9487303	-122.0487212
37.9487304	-122.0487211
37.9487304	-122.0487211
37.9487304	-122.0487211
37.9487304	-122.0487211
37.9487304	-122.0487211
37.9487304	-122.0487211
37.9487304	-122.0487211
37.9487304	-122.0487211
37.9487304	-122.0487211
37.9487304	-122.0487211
37.9487305	-122.0487212
37.9487305	-122.0487212
37.9487305	-122.0487212
37.9487305	-122.0487212
37.9487305	-122.0487212
37.9487305	-122.0487212
37.9487305	-122.0487212
37.9487305	-122.0487212
37.9487305	-122.0487212
37.9487305	-122.0487212
37.9487307	-122.0487213
37.9487307	-122.0487213
37.9487307	-122.0487213
37.9487307	-122.0487213
37.9487307	-122.0487213
37.9487307	-122.0487213
37.9487307	-122.0487213
37.9487307	-122.0487213
37.9487307	-122.0487213
37.9487307	-122.0487213
37.9487308	-122.0487214
37.9487308	-122.0487214
37.9487308	-122.0487214
37.9487308	-122.0487214
37.9487308	-122.0487214
37.9487308	-122.0487214
37.9487308	-122.0487214
37.9487308	-122.0487214
37.9487308	-122.0487214
37.9487308	-122.0487214
37.9487311	-122.0487214
37.9487311	-122.0487214
37.9487311	-122.0487214
37.9487311	-122.0487214
37.9487311	-122.0487214
37.9487311	-122.0487214
37.9487311	-122.0487214
37.9487311	-122.0487214
37.9487311	-122.0487214
37.9487311	-122.0487214
37.9487313	-122.0487214
37.9487313	-122.0487214
37.9487313	-122.0487214
37.9487313	-122.0487214
37.9487313	-122.0487214
37.9487313	-122.0487214
37.9487313	-122.0487214
37.9487313	-122.0487214
37.9487313	-122.0487214
37.9487313	-122.0487214
37.9487316	-122.0487213
37.9487316	-122.0487213
37.9487316	-122.0487213
37.9487316	-122.0487213
37.9487316	-122.0487213
37.9487316	-122.0487213
37.9487316	-122.0487213
37.9487316	-122.0487213
37.9487316	-122.0487213
37.9487316	-122.0487213
37.9487319	-122.0487212
37.9487319	-122.0487212
37.9487319	-122.0487212
37.9487319	-122.0487212
37.9487319	-122.0487212
37.9487319	-122.0487212
37.9487319	-122.0487212
37.9487319	-122.0487212
37.9487319	-122.0487212
37.9487319	-122.0487212
37.9487321	-122.0487211
37.9487321	-122.0487211
37.9487321	-122.0487211
37.9487321	-122.0487211
37.9487321	-122.0487211
37.9487321	-122.0487211
37.9487321	-122.0487211
37.9487321	-122.0487211
37.9487321	-122.0487211
37.9487321	-122.0487211
37.9487327	-122.0487212
37.9487327	-122.0487212
37.9487327	-122.0487212
37.9487327	-122.0487212
37.9487327	-122.0487212
37.9487327	-122.0487212
37.9487327	-122.0487212
37.9487327	-122.0487212
37.9487327	-122.0487212
37.9487327	-122.0487212
37.9487327	-122.0487208
37.9487327	-122.0487208
37.9487327	-122.0487208
37.9487327	-122.0487208
37.9487327	-122.0487208
37.9487327	-122.0487208
37.9487327	-122.0487208
37.9487327	-122.0487208
37.9487327	-122.0487208
37.9487327	-122.0487208
37.9487328	-122.0487206
37.9487328	-122.0487206
37.9487328	-122.0487206
37.9487328	-122.0487206
37.9487328	-122.0487206
37.9487328	-122.0487206
37.9487328	-122.0487206
37.9487328	-122.0487206
37.9487328	-122.0487206
37.9487328	-122.0487206
37.9487328	-122.0487205
37.9487328	-122.0487205
37.9487328	-122.0487205
37.9487328	-122.0487205
37.9487328	-122.0487205
37.9487328	-122.0487205
37.9487328	-122.0487205
37.9487328	-122.0487205
37.9487328	-122.0487205
37.9487328	-122.0487205
37.9487328	-122.0487203
37.9487328	-122.0487203
37.9487328	-122.0487203
37.9487328	-122.0487203
37.9487328	-122.0487203
37.9487328	-122.0487203
37.9487328	-122.0487203
37.9487328	-122.0487203
37.9487328	-122.0487203
37.9487328	-122.0487203
37.9487329	-122.0487204
37.9487329	-122.0487204
37.9487329	-122.0487204
37.9487329	-122.0487204
37.9487329	-122.0487204
37.9487329	-122.0487204
37.9487329	-122.0487204
37.9487329	-122.0487204
37.9487329	-122.0487204
37.9487329	-122.0487204
37.948733	-122.0487201
37.948733	-122.0487201
37.948733	-122.0487201
37.948733	-122.0487201
37.948733	-122.0487201
37.948733	-122.0487201
37.948733	-122.0487201
37.948733	-122.0487201
37.948733	-122.0487201
37.948733	-122.0487201
37.9487329	-122.0487198
37.9487329	-122.0487198
37.9487329	-122.0487198
37.9487329	-122.0487198
37.9487329	-122.0487198
37.9487329	-122.0487198
37.9487329	-122.0487198
37.9487329	-122.0487198
37.9487329	-122.0487198
37.9487329	-122.0487198
37.948733	-122.0487198
37.948733	-122.0487198
37.948733	-122.0487198
37.948733	-122.0487198
37.948733	-122.0487198
37.948733	-122.0487198
37.948733	-122.0487198
37.948733	-122.0487198
37.948733	-122.0487198
37.948733	-122.0487198
37.9487332	-122.0487198
37.9487332	-122.0487198
37.9487332	-122.0487198
37.9487332	-122.0487198
37.9487332	-122.0487198
37.9487332	-122.0487198
37.9487332	-122.0487198
37.9487332	-122.0487198
37.9487332	-122.0487198
37.9487332	-122.0487198
37.9487333	-122.0487197
37.9487333	-122.0487197
37.9487333	-122.0487197
37.9487333	-122.0487197
37.9487333	-122.0487197
37.9487333	-122.0487197
37.9487333	-122.0487197
37.9487333	-122.0487197
37.9487333	-122.0487197
37.9487333	-122.0487197
37.9487334	-122.0487196
37.9487334	-122.0487196
37.9487334	-122.0487196
37.9487334	-122.0487196
37.9487334	-122.0487196
37.9487334	-122.0487196
37.9487334	-122.0487196
37.9487334	-122.0487196
37.9487334	-122.0487196
37.9487334	-122.0487196
37.9487333	-122.0487192
37.9487333	-122.0487192
37.9487333	-122.0487192
37.9487333	-122.0487192
37.9487333	-122.0487192
37.9487333	-122.0487192
37.9487333	-122.0487192
37.9487333	-122.0487192
37.9487333	-122.0487192
37.9487333	-122.0487192
37.9487332	-122.0487189
37.9487332	-122.0487189
37.9487332	-122.0487189
37.9487332	-122.0487189
37.9487332	-122.0487189
37.9487332	-122.0487189
37.9487332	-122.0487189
37.9487332	-122.0487189
37.9487332	-122.0487189
37.9487332	-122.0487189
37.9487334	-122.0487186
37.9487334	-122.0487186
37.9487334	-122.0487186
37.9487334	-122.0487186
37.9487334	-122.0487186
37.9487334	-122.0487186
37.9487334	-122.0487186
37.9487334	-122.0487186
37.9487334	-122.0487186
37.9487334	-122.0487186
37.9487334	-122.0487185
37.9487334	-122.0487185
37.9487334	-122.0487185
37.9487334	-122.0487185
37.9487334	-122.0487185
37.9487334	-122.0487185
37.9487334	-122.0487185
37.9487334	-122.0487185
37.9487334	-122.0487185
37.9487334	-122.0487185
37.9487335	-122.0487182
37.9487335	-122.0487182
37.9487335	-122.0487182
37.9487335	-122.0487182
37.9487335	-122.0487182
37.9487335	-122.0487182
37.9487335	-122.0487182
37.9487335	-122.0487182
37.9487335	-122.0487182
37.9487335	-122.0487182
37.9487338	-122.0487178
37.9487338	-122.0487178
37.9487338	-122.0487178
37.9487338	-122.0487178
37.9487338	-122.0487178
37.9487338	-122.0487178
37.9487338	-122.0487178
37.9487338	-122.0487178
37.9487338	-122.0487178
37.9487338	-122.0487178
37.9487339	-122.0487176
37.9487339	-122.0487176
37.9487339	-122.0487176
37.9487339	-122.0487176
37.9487339	-122.0487176
37.9487339	-122.0487176
37.9487339	-122.0487176
37.9487339	-122.0487176
37.9487339	-122.0487176
37.9487339	-122.0487176
37.9487339	-122.0487175
37.9487339	-122.0487175
37.9487339	-122.0487175
37.9487339	-122.0487175
37.9487339	-122.0487175
37.9487339	-122.0487175
37.9487339	-122.0487175
37.9487339	-122.0487175
37.9487339	-122.0487175
37.9487339	-122.0487175
37.9487338	-122.0487175
37.9487338	-122.0487175
37.9487338	-122.0487175
37.9487338	-122.0487175
37.9487338	-122.0487175
37.9487338	-122.0487175
37.9487338	-122.0487175
37.9487338	-122.0487175
37.9487338	-122.0487175
37.9487338	-122.0487175
37.9487341	-122.0487172
37.9487341	-122.0487172
37.9487341	-122.0487172
37.9487341	-122.0487172
37.9487341	-122.0487172
37.9487341	-122.0487172
37.9487341	-122.0487172
37.9487341	-122.0487172
37.9487341	-122.0487172
37.9487341	-122.0487172
37.9487341	-122.0487171
37.9487341	-122.0487171
37.9487341	-122.0487171
37.9487341	-122.0487171
37.9487341	-122.0487171
37.9487341	-122.0487171
37.9487341	-122.0487171
37.9487341	-122.0487171
37.9487341	-122.0487171
37.9487341	-122.0487171
37.9487343	-122.0487168
37.9487343	-122.0487168
37.9487343	-122.0487168
37.9487343	-122.0487168
37.9487343	-122.0487168
37.9487343	-122.0487168
37.9487343	-122.0487168
37.9487343	-122.0487168
37.9487343	-122.0487168
37.9487343	-122.0487168
37.9487345	-122.0487169
37.9487345	-122.0487169
37.9487345	-122.0487169
37.9487345	-122.0487169
37.9487345	-122.0487169
37.9487345	-122.0487169
37.9487345	-122.0487169
37.9487345	-122.0487169
37.9487345	-122.0487169
37.9487345	-122.0487169
37.9487346	-122.0487167
37.9487346	-122.0487167
37.9487346	-122.0487167
37.9487346	-122.0487167
37.9487346	-122.0487167
37.9487346	-122.0487167
37.9487346	-122.0487167
37.9487346	-122.0487167
37.9487346	-122.0487167
37.9487346	-122.0487167
37.9487349	-122.0487164
37.9487349	-122.0487164
37.9487349	-122.0487164
37.9487349	-122.0487164
37.9487349	-122.0487164
37.9487349	-122.0487164
37.9487349	-122.0487164
37.9487349	-122.0487164
37.9487349	-122.0487164
37.9487349	-122.0487164
37.948735	-122.0487163
37.948735	-122.0487163
37.948735	-122.0487163
37.948735	-122.0487163
37.948735	-122.0487163
37.948735	-122.0487163
37.948735	-122.0487163
37.948735	-122.0487163
37.948735	-122.0487163
37.948735	-122.0487163
37.948735	-122.0487163
37.948735	-122.0487163
37.948735	-122.0487163
37.948735	-122.0487163
37.948735	-122.0487163
37.948735	-122.0487163
37.948735	-122.0487163
37.948735	-122.0487163
37.948735	-122.0487163
37.948735	-122.0487163
37.9487352	-122.048716
37.9487352	-122.048716
37.9487352	-122.048716
37.9487352	-122.048716
37.9487352	-122.048716
37.9487352	-122.048716
37.9487352	-122.048716
37.9487352	-122.048716
37.9487352	-122.048716
37.9487352	-122.048716
37.9487353	-122.0487158
37.9487353	-122.0487158
37.9487353	-122.0487158
37.9487353	-122.0487158
37.9487353	-122.0487158
37.9487353	-122.0487158
37.9487353	-122.0487158
37.9487353	-122.0487158
37.9487353	-122.0487158
37.9487353	-122.0487158
37.9487351	-122.0487157
37.9487351	-122.0487157
37.9487351	-122.0487157
37.9487351	-122.0487157
37.9487351	-122.0487157
37.9487351	-122.0487157
37.9487351	-122.0487157
37.9487351	-122.0487157
37.9487351	-122.0487157
37.9487351	-122.0487157
37.9487352	-122.0487159
37.9487352	-122.0487159
37.9487352	-122.0487159
37.9487352	-122.0487159
37.9487352	-122.0487159
37.9487352	-122.0487159
37.9487352	-122.0487159
37.9487352	-122.0487159
37.9487352	-122.0487159
37.9487352	-122.0487159
37.9487352	-122.0487158
37.9487352	-122.0487158
37.9487352	-122.0487158
37.9487352	-122.0487158
37.9487352	-122.0487158
37.9487352	-122.0487158
37.9487352	-122.0487158
37.9487352	-122.0487158
37.9487352	-122.0487158
37.9487352	-122.0487158
37.9487351	-122.0487155
37.9487351	-122.0487155
37.9487351	-122.0487155
37.9487351	-122.0487155
37.9487351	-122.0487155
37.9487351	-122.0487155
37.9487351	-122.0487155
37.9487351	-122.0487155
37.9487351	-122.0487155
37.9487351	-122.0487155
37.948735	-122.0487153
37.948735	-122.0487153
37.948735	-122.0487153
37.948735	-122.0487153
37.948735	-122.0487153
37.948735	-122.0487153
37.948735	-122.0487153
37.948735	-122.0487153
37.948735	-122.0487153
37.948735	-122.0487153
37.9487348	-122.048715
37.9487348	-122.048715
37.9487348	-122.048715
37.9487348	-122.048715
37.9487348	-122.048715
37.9487348	-122.048715
37.9487348	-122.048715
37.9487348	-122.048715
37.9487348	-122.048715
37.9487348	-122.048715
37.9487349	-122.0487145
37.9487349	-122.0487145
37.9487349	-122.0487145
37.9487349	-122.0487145
37.9487349	-122.0487145
37.9487349	-122.0487145
37.9487349	-122.0487145
37.9487349	-122.0487145
37.9487349	-122.0487145
37.9487349	-122.0487145
37.9487348	-122.0487144
37.9487348	-122.0487144
37.9487348	-122.0487144
37.9487348	-122.0487144
37.9487348	-122.0487144
37.9487348	-122.0487144
37.9487348	-122.0487144
37.9487348	-122.0487144
37.9487348	-122.0487144
37.9487348	-122.0487144
37.9487346	-122.0487145
37.9487346	-122.0487145
37.9487346	-122.0487145
37.9487346	-122.0487145
37.9487346	-122.0487145
37.9487346	-122.0487145
37.9487346	-122.0487145
37.9487346	-122.0487145
37.9487346	-122.0487145
37.9487346	-122.0487145
37.9487346	-122.0487146
37.9487346	-122.0487146
37.9487346	-122.0487146
37.9487346	-122.0487146
37.9487346	-122.0487146
37.9487346	-122.0487146
37.9487346	-122.0487146
37.9487346	-122.0487146
37.9487346	-122.0487146
37.9487346	-122.0487146
37.9487343	-122.0487149
37.9487343	-122.0487149
37.9487343	-122.0487149
37.9487343	-122.0487149
37.9487343	-122.0487149
37.9487343	-122.0487149
37.9487343	-122.0487149
37.9487343	-122.0487149
37.9487343	-122.0487149
37.9487343	-122.0487149
37.948734	-122.048715
37.948734	-122.048715
37.948734	-122.048715
37.948734	-122.048715
37.948734	-122.048715
37.948734	-122.048715
37.948734	-122.048715
37.948734	-122.048715
37.948734	-122.048715
37.948734	-122.048715
37.9487338	-122.0487149
37.9487338	-122.0487149
37.9487338	-122.0487149
37.9487338	-122.0487149
37.9487338	-122.0487149
37.9487338	-122.0487149
37.9487338	-122.0487149
37.9487338	-122.0487149
37.9487338	-122.0487149
37.9487338	-122.0487149
37.9487337	-122.048715
37.9487337	-122.048715
37.9487337	-122.048715
37.9487337	-122.048715
37.9487337	-122.048715
37.9487337	-122.048715
37.9487337	-122.048715
37.9487337	-122.048715
37.9487337	-122.048715
37.9487337	-122.048715
37.9487335	-122.0487149
37.9487335	-122.0487149
37.9487335	-122.0487149
37.9487335	-122.0487149
37.9487335	-122.0487149
37.9487335	-122.0487149
37.9487335	-122.0487149
37.9487335	-122.0487149
37.9487335	-122.0487149
37.9487335	-122.0487149
37.9487337	-122.0487149
37.9487337	-122.0487149
37.9487337	-122.0487149
37.9487337	-122.0487149
37.9487337	-122.0487149
37.9487337	-122.0487149
37.9487337	-122.0487149
37.9487337	-122.0487149
37.9487337	-122.0487149
37.9487337	-122.0487149
37.9487336	-122.0487147
37.9487336	-122.0487147
37.9487336	-122.0487147
37.9487336	-122.0487147
37.9487336	-122.0487147
37.9487336	-122.0487147
37.9487336	-122.0487147
37.9487336	-122.0487147
37.9487336	-122.0487147
37.9487336	-122.0487147
37.9487336	-122.0487149
37.9487336	-122.0487149
37.9487336	-122.0487149
37.9487336	-122.0487149
37.9487336	-122.0487149
37.9487336	-122.0487149
37.9487336	-122.0487149
37.9487336	-122.0487149
37.9487336	-122.0487149
37.9487336	-122.0487149
37.9487337	-122.0487148
37.9487337	-122.0487148
37.9487337	-122.0487148
37.9487337	-122.0487148
37.9487337	-122.0487148
37.9487337	-122.0487148
37.9487337	-122.0487148
37.9487337	-122.0487148
37.9487337	-122.0487148
37.9487337	-122.0487148
37.9487336	-122.048715
37.9487336	-122.048715
37.9487336	-122.048715
37.9487336	-122.048715
37.9487336	-122.048715
37.9487336	-122.048715
37.9487336	-122.048715
37.9487336	-122.048715
37.9487336	-122.048715
37.9487336	-122.048715
37.9487337	-122.0487152
37.9487337	-122.0487152
37.9487337	-122.0487152
37.9487337	-122.0487152
37.9487337	-122.0487152
37.9487337	-122.0487152
37.9487337	-122.0487152
37.9487337	-122.0487152
37.9487337	-122.0487152
37.9487337	-122.0487152
37.9487335	-122.0487153
37.9487335	-122.0487153
37.9487335	-122.0487153
37.9487335	-122.0487153
37.9487335	-122.0487153
37.9487335	-122.0487153
37.9487335	-122.0487153
37.9487335	-122.0487153
37.9487335	-122.0487153
37.9487335	-122.0487153
37.9487333	-122.0487155
37.9487333	-122.0487155
37.9487333	-122.0487155
37.9487333	-122.0487155
37.9487333	-122.0487155
37.9487333	-122.0487155
37.9487333	-122.0487155
37.9487333	-122.0487155
37.9487333	-122.0487155
37.9487333	-122.0487155
37.9487333	-122.0487157
37.9487333	-122.0487157
37.9487333	-122.0487157
37.9487333	-122.0487157
37.9487333	-122.0487157
37.9487333	-122.0487157
37.9487333	-122.0487157
37.9487333	-122.0487157
37.9487333	-122.0487157
37.9487333	-122.0487157
37.9487331	-122.0487158
37.9487331	-122.0487158
37.9487331	-122.0487158
37.9487331	-122.0487158
37.9487331	-122.0487158
37.9487331	-122.0487158
37.9487331	-122.0487158
37.9487331	-122.0487158
37.9487331	-122.0487158
37.9487331	-122.0487158
37.9487331	-122.0487159
37.9487331	-122.0487159
37.9487331	-122.0487159
37.9487331	-122.0487159
37.9487331	-122.0487159
37.9487331	-122.0487159
37.9487331	-122.0487159
37.9487331	-122.0487159
37.9487331	-122.0487159
37.9487331	-122.0487159
37.9487331	-122.0487161
37.9487331	-122.0487161
37.9487331	-122.0487161
37.9487331	-122.0487161
37.9487331	-122.0487161
37.9487331	-122.0487161
37.9487331	-122.0487161
37.9487331	-122.0487161
37.9487331	-122.0487161
37.9487331	-122.0487161
37.948733	-122.0487161
37.948733	-122.0487161
37.948733	-122.0487161
37.948733	-122.0487161
37.948733	-122.0487161
37.948733	-122.0487161
37.948733	-122.0487161
37.948733	-122.0487161
37.948733	-122.0487161
37.948733	-122.0487161
37.9487327	-122.0487163
37.9487327	-122.0487163
37.9487327	-122.0487163
37.9487327	-122.0487163
37.9487327	-122.0487163
37.9487327	-122.0487163
37.9487327	-122.0487163
37.9487327	-122.0487163
37.9487327	-122.0487163
37.9487327	-122.0487163
37.9487326	-122.0487163
37.9487326	-122.0487163
37.9487326	-122.0487163
37.9487326	-122.0487163
37.9487326	-122.0487163
37.9487326	-122.0487163
37.9487326	-122.0487163
37.9487326	-122.0487163
37.9487326	-122.0487163
37.9487326	-122.0487163
37.9487326	-122.0487164
37.9487326	-122.0487164
37.9487326	-122.0487164
37.9487326	-122.0487164
37.9487326	-122.0487164
37.9487326	-122.0487164
37.9487326	-122.0487164
37.9487326	-122.0487164
37.9487326	-122.0487164
37.9487326	-122.0487164
37.9487325	-122.0487165
37.9487325	-122.0487165
37.9487325	-122.0487165
37.9487325	-122.0487165
37.9487325	-122.0487165
37.9487325	-122.0487165
37.9487325	-122.0487165
37.9487325	-122.0487165
37.9487325	-122.0487165
37.9487325	-122.0487165
37.9487325	-122.0487165
37.9487325	-122.0487165
37.9487325	-122.0487165
37.9487325	-122.0487165
37.9487325	-122.0487165
37.9487325	-122.0487165
37.9487325	-122.0487165
37.9487325	-122.0487165
37.9487325	-122.0487165
37.9487325	-122.0487165
37.9487325	-122.0487165
37.9487325	-122.0487165
37.9487325	-122.0487165
37.9487325	-122.0487165
37.9487325	-122.0487165
37.9487325	-122.0487165
37.9487325	-122.0487165
37.9487325	-122.0487165
37.9487325	-122.0487165
37.9487325	-122.0487165
37.9487324	-122.0487164
37.9487324	-122.0487164
37.9487324	-122.0487164
37.9487324	-122.0487164
37.9487324	-122.0487164
37.9487324	-122.0487164
37.9487324	-122.0487164
37.9487324	-122.0487164
37.9487324	-122.0487164
37.9487324	-122.0487164
37.9487326	-122.0487164
37.9487326	-122.0487164
37.9487326	-122.0487164
37.9487326	-122.0487164
37.9487326	-122.0487164
37.9487326	-122.0487164
37.9487326	-122.0487164
37.9487326	-122.0487164
37.9487326	-122.0487164
37.9487326	-122.0487164
37.9487327	-122.0487163
37.9487327	-122.0487163
37.9487327	-122.0487163
