[0.68178534, -0.28002189, 0.67583762]
2.306252295926983
[0.35323428, -0.27767730, 0.89337610]
2.5414192998081475
[0.33626619, -0.35572016, 0.87200242]
2.6132547057099456
[0.35852024, -0.49405308, 0.79206994]
2.260032441693241
[0.11426470, -0.85483028, 0.50617069]
0.9996577272585105
[-0.53583457, -0.76251434, -0.36256473]
1.8318928194302022
[-0.70272719, -0.16385389, -0.69233402]
2.3364496649016506
[-0.81474591, 0.11783857, -0.56771752]
2.7731591229321544
[-0.93692963, -0.04163856, -0.34702897]
2.4627675316789452
[-0.60615844, 0.17802982, -0.77516277]
2.635213324042921
[-0.65242424, 0.30536093, -0.69361179]
2.878262980620903
[-0.35255091, 0.25082962, -0.90154998]
2.8651480366896807
[-0.25768788, 0.26640625, -0.92877590]
2.879872192480795
[0.25271485, -0.11233317, -0.96099764]
2.0193291779833435
[-0.06297940, 0.12753236, -0.98983286]
1.9560063775822096
[-0.06342938, 0.32858983, -0.94234040]
2.4631498230191093
[-0.39700270, 0.30934426, -0.86411514]
2.5581043393937555
[-0.64266311, 0.10995600, -0.75821752]
2.385356220832536
[-0.30304511, 0.13313680, -0.94363036]
2.3203719634049875
[-0.25161971, 0.04560141, -0.96675128]
2.1638355288289954
[-0.48312241, 0.19956388, -0.85250630]
2.430712736825128
[-0.28662366, 0.26471193, -0.92074669]
2.6350950891169647
[-0.15881154, -0.07056182, -0.98478420]
2.1361492108470435
[0.02404923, 0.21369457, -0.97660446]
2.146182628295746
[-0.18072247, 0.41252425, -0.89283993]
2.7498850691593537
[-0.18172658, 0.38744053, -0.90380600]
3.206972222783667
[-0.32997549, 0.40624757, -0.85210274]
3.3186832890317053
[-0.25468474, -0.02720005, -0.96664153]
2.5508829280091834
[-0.59925775, 0.05821515, -0.79843669]
2.571210481115883
[-0.26861721, 0.39191539, -0.87991314]
3.3082964212142043
[-0.06571113, 0.27113597, -0.96029544]
3.0485173183114815
[-0.27587392, 0.35014383, -0.89514964]
3.1075901068450205
[-0.25805030, 0.09613176, -0.96133695]
2.602844297469783
[-0.39773074, 0.15584534, -0.90416950]
2.5627544167275422
[-0.17629194, 0.29250238, -0.93987420]
2.8062751267138437
[-0.39885610, 0.31761668, -0.86025197]
2.842816191159061
[-0.27385924, 0.36007553, -0.89182214]
3.15935471304164
[-0.19615019, 0.40809129, -0.89162021]
4.284349650322047
[-0.16885046, 0.13180015, -0.97678976]
3.268249605768978
[-0.25719422, 0.17129968, -0.95105602]
2.886062665987929
[-0.36539094, 0.33390865, -0.86890418]
3.034400236577662
[-0.25792675, 0.29348495, -0.92051093]
3.0456771026518763
[-0.38811324, 0.27385937, -0.87998248]
2.923078897768671
[0.21647475, 0.20082372, -0.95541013]
2.0573234576242165
[0.03200047, 0.11923215, -0.99235058]
1.881478096149697
[-0.45329846, -0.37941987, -0.80657366]
1.9473088123919278
[-0.25871470, 0.04873569, -0.96472355]
2.000469618670157
[-0.45524883, 0.14957512, -0.87771054]
2.2625201560614263
[-0.61027881, 0.38673341, -0.69137330]
2.831866443579523
[-0.45387013, 0.25661168, -0.85331843]
2.7524358582899207
[-0.66470416, 0.07470744, -0.74336208]
2.473151923292637
[-0.50705572, -0.04770793, -0.86059192]
2.1872242140596403
[-0.31036944, 0.32271911, -0.89416060]
2.7339133403511333
[-0.43915559, 0.27864866, -0.85410614]
2.7319046484193685
[0.05217589, -0.04669853, -0.99754545]
2.0596811416131073
[-0.16078817, 0.29083792, -0.94316513]
2.3801920335887057
[0.07238949, 0.02780736, -0.99698872]
1.9375107130123683
[-0.29253863, -0.34083235, -0.89345087]
1.888347442354468
[-0.33408988, 0.14683395, -0.93103370]
2.2072364766821804
[-0.29267304, 0.25304569, -0.92212275]
2.4664738214170385
[-0.50899049, 0.41440702, -0.75445046]
2.8596582073148467
[-0.35895418, 0.51810927, -0.77634701]
3.6305759751600317
[-0.33856306, 0.26281536, -0.90349496]
3.2210605629016
[-0.13867245, 0.11005352, -0.98420434]
2.6656047672248646
[-0.41493601, -0.13916166, -0.89914523]
2.310222792741074
[-0.63675151, 0.15960617, -0.75436953]
2.673419482260511
[-0.50311770, 0.38307867, -0.77467626]
3.169598160629942
[-0.32145495, 0.54132999, -0.77693536]
4.0787695811707305
[-0.59530196, 0.57918429, -0.55692111]
3.647340357475512
[-0.51949032, 0.24630670, -0.81820707]
3.0686354244098233
[-0.08119778, 0.22385677, -0.97123378]
2.8221796548851854
[-0.38102614, -0.06570209, -0.92222683]
2.381837957346124
[-0.21589080, -0.20575372, -0.95449283]
1.9717993086619647
[-0.26667850, -0.25241307, -0.93014527]
1.8493515661868714
[0.31045122, -0.62834493, -0.71330407]
1.4535377658507582
[0.64856031, -0.71774702, -0.25339444]
1.4010868203461888
[0.15563924, -0.63041735, -0.76049352]
1.060225077628472
[-0.20649949, -0.23820731, -0.94900750]
1.2886836376053974
[0.20614592, 0.06107011, -0.97661369]
1.3220950187879965
[0.12706476, 0.13332167, -0.98289362]
1.4907075022653067
[0.01051226, 0.43027981, -0.90263435]
3.0214476017005443
[0.00324548, 0.22109519, -0.97524683]
2.5502073322752357
[-0.33318514, 0.08659309, -0.93887662]
2.33933403942734
[-0.08021476, 0.24884658, -0.96521550]
2.4799497490380387
[-0.41190147, 0.26210056, -0.87272016]
2.5463798053553997
[-0.16383476, 0.52810974, -0.83322162]
3.893334414366275
[-0.31443555, 0.50361933, -0.80467251]
5.2209955560152554
[-0.44769749, 0.28090776, -0.84891566]
4.302584046894503
[-0.63443059, 0.31074709, -0.70776697]
3.6268020480161516
[-0.81955489, 0.20835038, -0.53377889]
2.905467151562207
[-0.69923141, 0.41708903, -0.58061362]
3.388883093673622
[-0.66091570, 0.38851580, -0.64206378]
3.270688144050524
[-0.80532008, 0.42500068, -0.41332070]
3.0631726017807837
[-0.89689764, -0.08487058, -0.43401799]
2.0532919173676385
[-0.91387332, 0.14852942, -0.37785522]
2.711815442127318
[-0.65281283, -0.12245519, -0.74755611]
1.9368627560135345
[-0.30671893, 0.15733455, -0.93870620]
2.1466416410349227
[-0.49706366, 0.45079947, -0.74142266]
2.8195333706327927
[-0.48967521, 0.33278360, -0.80589904]
2.827273895878379
[-0.14812664, 0.62958834, -0.76267753]
4.439254922376453
[-0.30139199, 0.88576484, -0.35296390]
4.510244731283596
[-0.25154495, 0.96784552, 0.00043979]
5.194900034542706
[-0.60169937, 0.79545660, 0.07215725]
5.439445141709036
[-0.70726928, 0.12874341, -0.69512251]
4.276863480623727
[-0.52962993, 0.51642181, -0.67290464]
4.776451286614297
[-0.41150576, 0.31406414, -0.85558561]
4.288324507540694
[-0.44623383, 0.38364261, -0.80851328]
4.019510009535856
[-0.79364473, 0.17152964, -0.58369995]
2.966039342836951
[-0.22506042, 0.32699962, -0.91783390]
3.5097263805742465
[-0.15416888, 0.04721738, -0.98691564]
2.729759578610997
[-0.14420774, 0.54414104, -0.82650751]
3.8470820690604306
[-0.26259124, 0.35659495, -0.89659683]
3.695377400076459
[0.01293947, 0.23753925, -0.97129176]
2.878963624486231
[-0.48824362, 0.02360030, -0.87238821]
2.5046497262030814
[-0.42123045, 0.48933448, -0.76362077]
3.3804285263963636
[-0.43749358, 0.17989862, -0.88104248]
2.8404636499691227
[-0.46189720, 0.12667008, -0.87784148]
2.6240684411463797
[-0.46776014, 0.35516528, -0.80935658]
3.0128952046698236
[-0.58620228, 0.38256018, -0.71415306]
3.053168686222113
[-0.29205051, 0.61740944, -0.73041912]
4.416260212299615
[-0.41259384, 0.89077608, -0.19048439]
4.0240378870640505
[-0.42551230, 0.90484048, 0.01424724]
3.873973031702008
[-0.55467308, 0.78509471, -0.27561581]
4.2869010228706514
[-0.67099140, 0.61193871, -0.41869028]
3.6860151721955767
[-0.40966540, 0.45364987, -0.79143923]
4.41013811885385
[-0.31627179, 0.31161183, -0.89603026]
4.0041253810563555
[-0.37992382, 0.29852973, -0.87552149]
3.6034846569839036
[0.05088336, 0.15721859, -0.98625210]
2.66826068962356
[0.42365002, -0.32997532, -0.84358577]
1.9344341701522385
[0.91158468, -0.40086030, -0.09123810]
1.5712631439520506
[0.76795336, -0.36662059, 0.52520185]
1.62659615279517
[0.66726579, -0.72860701, 0.15455802]
2.029006625426169
[0.76675389, -0.48180150, 0.42421196]
3.0705224216536346
[0.79857736, -0.41340291, 0.43746112]
3.323995840075256
[0.40348611, -0.27193076, 0.87364330]
3.345573706516208
[0.63089405, -0.31593986, 0.70862875]
3.374549250575195
[0.51126329, -0.35209109, 0.78399089]
3.1857650770421477
[0.28279688, -0.43196839, 0.85640483]
2.530306756676051
[0.32664049, -0.35183654, 0.87722120]
2.684815280266982
[0.23071790, -0.20434294, 0.95132183]
3.1716090025208477
[0.20489204, -0.36807195, 0.90694117]
1.9181234245770928
[0.43421601, -0.35411224, 0.82828798]
1.2085796724915812
[0.36420352, 0.23789950, 0.90042192]
2.763054964403664
[0.48093410, -0.37282351, 0.79353955]
2.4719390382449054
[0.56150482, -0.37784153, 0.73617125]
2.756905999393013
[0.79695831, 0.00363453, 0.60402338]
3.7507834644220077
[0.59877314, -0.00023928, 0.80091864]
3.9601455733290907
[0.59714928, -0.37028704, 0.71154779]
3.26789345592811
[0.49275842, -0.26962921, 0.82733864]
3.3895173577967332
[0.47981901, -0.15844746, 0.86294155]
3.6269513737288035
