[-0.61796963, 2.54295154, 0.66039265]
[-0.32356606, 2.54637073, 0.23581236]
[-0.31476647, 2.54599991, 0.16158196]
[-0.44009705, 2.54421772, 0.52190688]
[-0.34211015, 2.54287996, 0.57657799]
[-0.25891564, 2.54255880, 0.40918385]
[-0.43921502, 2.54017741, 0.43502101]
[-0.36907678, 2.53760421, 0.87653636]
[-0.65998801, 2.54155141, 0.24721179]
[-0.50547324, 2.53794469, 0.59993334]
[0.07379482, 2.53706795, 0.31792857]
[-0.79524560, 2.53756698, 0.24391886]
[-0.46926086, 2.53563029, 0.48437628]
[-0.27012699, 2.53608345, 0.63185714]
[-0.34996501, 2.53719564, 0.49232305]
[-0.51694476, 2.53625589, 0.65373177]
[-0.13012096, 2.53929409, 0.34945513]
[-0.17602162, 2.54016535, 0.50279981]
[-0.43658898, 2.53723483, 0.79242969]
[-0.18330053, 2.54003205, 0.22080736]
[-0.27028044, 2.54040941, 0.07070556]
[-0.28577384, 2.53654118, 0.18941211]
[-0.18843899, 2.53463617, 0.77266278]
[-0.46547102, 2.53681595, 0.54552172]
[-0.30048518, 2.53510849, 0.44086422]
[-0.31269701, 2.53802902, 0.20548276]
[-0.46887108, 2.53557650, 0.53816026]
[-0.34314727, 2.53194076, 0.87774936]
[-0.63078295, 2.53564926, 0.50796827]
[-0.55959124, 2.53458936, 0.54710698]
[-0.45086260, 2.53636684, 0.43320936]
[-0.18318154, 2.53666061, 0.32901797]
[-0.20294166, 2.53575176, 0.42632547]
[-0.49056473, 2.53501324, 0.54937954]
[-0.15900959, 2.53408948, 0.63108145]
[-0.38460231, 2.53532023, 0.63009472]
[-0.13462139, 2.53521419, 0.38343107]
[-0.41339147, 2.53324810, 0.64637665]
[-0.59282076, 2.53425083, 0.52233791]
[-0.13878791, 2.53222590, 0.74288779]
[-0.49467033, 2.53140210, 0.49024132]
[-0.21252907, 2.53507122, 0.37910560]
[-0.45385725, 2.52815263, 0.82636917]
[-0.49316422, 2.53274506, 0.35449084]
[-0.40653781, 2.53241074, 0.20798714]
[-0.30129867, 2.53081948, 0.21813696]
[-0.36948303, 2.52501201, 0.68551211]
[-0.47993374, 2.53017792, 0.30142179]
[-0.61559645, 2.52777002, 0.46107450]
[-0.28735933, 2.53033920, 0.37485566]
[-0.72610608, 2.52452702, 0.86401774]
[-0.53476243, 2.52787364, 0.49159970]
[-0.42445410, 2.52618914, 0.59116725]
[-0.43770014, 2.52434469, 0.58976709]
[-0.05659559, 2.52079538, 0.74675637]
[-0.29962656, 2.52251776, 0.04466024]
[0.01251820, 2.52020629, 0.79244515]
[-0.49004782, 2.52066104, 0.48823780]
[-0.40826949, 2.51511373, 0.20645971]
[0.40501237, 2.46858283, -0.55465247]
[-0.27005687, 2.43045296, 0.89057588]
[-0.40598628, 2.38422978, 0.46049316]
[-0.43533584, 2.34671437, 0.81060997]
[0.16083027, 2.32142194, 0.18856483]
[0.01016887, 2.30068113, 0.29635913]
[-0.07157497, 2.27569334, 0.91755167]
[-0.52793190, 2.18461405, 2.22276688]
[-0.82786333, 2.10507623, 0.85150894]
[-2.95110764, 2.04644722, 1.27940816]
[-3.64598995, 2.16045960, 0.34619902]
[-3.97407017, 2.30296900, -0.66369274]
[-3.65145280, 2.39301470, -0.82121902]
[-4.56431631, 2.43722901, -0.78755022]
[-3.35234258, 2.52445502, -1.88217805]
[-4.55616293, 2.55569701, -2.31314476]
[-3.47400147, 2.36908690, -0.57521634]
[-4.16618651, 2.17708485, 0.08789781]
[-4.88014484, 2.14235796, -0.95615071]
[-5.50252385, 1.97664979, -0.10747666]
[-4.22244443, 1.81033736, 0.22517869]
[-6.27945189, 1.67271687, -0.00919430]
[-7.56630060, 1.47645920, 0.68593038]
[-8.41780189, 1.57841485, -0.47902929]
[-9.09884259, 1.61302361, -0.84780482]
[-9.56147333, 1.57989064, -0.65996174]
[-10.35691768, 1.63735743, -0.72600376]
[-10.01605154, 1.76624603, -1.06758462]
[-9.19935850, 1.91396644, -1.60532631]
[-8.35451214, 2.08721280, -2.04004080]
[-9.24604233, 1.70133463, 0.65499247]
[-9.74786979, 1.66295965, 0.95437144]
[-9.65292327, 1.74682553, 0.50848187]
[-8.92270557, 1.45979604, 2.11335167]
[-9.61010878, 1.39127266, 1.90014931]
[-11.62426811, 2.24458460, -2.58977596]
[-10.23895872, 2.58576086, -3.03927089]
[-11.51276583, 3.25661357, -4.61769611]
[-10.30975717, 2.50299747, 0.26148460]
[-13.68335798, 1.86149601, 3.06240529]
[-15.10280748, 1.60718800, 3.44927458]
[-16.68069138, 1.96113696, 1.48132047]
[-18.01834135, 2.56670629, -1.27365097]
[-15.81439760, 2.14344084, -0.49581390]
[-17.46203304, 1.87148866, -0.40401590]
[-18.87343089, 1.76163751, -0.78971160]
[-20.31233141, 0.80160316, 1.44379706]
[-21.11993839, 1.56276296, -1.22479635]
[-20.91531326, 1.49019997, -1.07655116]
[-23.47962563, 0.51665230, 1.51367780]
[-24.67791806, 0.58070509, 1.26517023]
[-21.86080834, -0.38631997, 3.55471934]
[-26.56436256, -0.08597345, 2.64697946]
[-25.82358552, -0.25497982, 2.85412697]
[-24.93293304, -0.26282805, 2.76353975]
[-25.46484613, 0.13213649, 2.10421202]
[-28.50571304, -0.31518946, 3.69604422]
[-60.49512969, -4.54454305, 9.62041144]
[-30.74312724, 1.04790395, 2.20889930]
[-31.88644362, 1.91287031, 0.69690309]
[-30.24478613, 0.21798444, 4.10948800]
[-30.86403577, 2.02470032, 0.67891708]
[-29.68491297, 1.94016575, 0.95711846]
[-30.44444521, 1.61486015, 1.46809109]
[-30.41712132, 1.94739741, 0.63411541]
[-29.96820382, 0.74824896, 2.86435035]
[-30.68497785, 1.40881022, 1.37876588]
[-31.11294400, 2.76935663, -1.25403277]
[-35.90643053, 1.84203901, 0.45651926]
[-35.67624571, 3.44822669, -2.26137423]
[-35.00769372, 3.39316940, -2.01027921]
[-35.55667658, 1.46176020, 1.51293262]
[-36.72886478, 1.17575901, 1.91730816]
[-38.94745749, 2.70618454, -0.65422131]
[-38.34065796, 0.91733215, 2.10115522]
[-40.22666746, 0.37645331, 2.86049891]
[-39.50158317, 0.98276735, 1.81618354]
[-39.96299238, 2.51019533, -0.68764982]
[-38.33379588, 2.20273446, -0.30939114]
[-36.97178589, 0.93424569, 1.70492757]
[-35.64741690, 0.59723871, 2.22274694]
[-37.20029043, 1.47383459, 0.77764147]
[-37.94523965, 1.70954424, 0.39341709]
[-40.28537820, 2.16948735, -0.28064985]
[-41.23221624, 2.40279825, -0.56684954]
[-42.00204433, 0.85365331, 1.85601975]
[-43.83220395, 0.31449383, 2.72471641]
[-44.57105722, 3.58692663, -1.83597790]
[-44.29088432, 1.35019441, 1.31205708]
[-42.83728682, 1.72747640, 0.68758756]
[-41.38272496, 1.67355707, 0.73692180]
[-40.62777051, 1.32462522, 1.34740677]
[-40.85159624, 1.25703836, 1.55921526]
[-42.32539703, 2.55319344, -0.24531694]
[-43.34449553, 1.92710989, 0.80853815]
[-46.17304551, 1.87544453, 0.94479271]
[-48.06533568, 3.26946438, -0.93379340]
[-48.64931215, 2.17295898, 0.53116112]
[-49.02331938, 1.18491999, 1.79514199]
[-48.06679690, 2.20978873, 0.40163367]
[-49.39780979, 2.72516611, -0.29080991]
[-48.58969060, 1.80149761, 0.91782584]
[-47.42869090, 2.79689555, -0.41777924]
[-45.58508429, 2.94356984, -0.51774706]
[-44.81024571, 1.62146679, 1.30744828]
[-46.74376497, 1.21021324, 1.78582969]
[-45.52970321, 1.52168707, 1.35191418]
[-51.34540343, -0.05829062, 3.41098999]
[-54.60288035, 1.92706366, 0.93514770]
[-54.78986617, 2.64607664, 0.04813558]
[-55.56401803, 1.53272262, 1.39243319]
[-56.65816775, 1.62344107, 1.25543062]
[-52.39513236, 2.62595698, 0.01109263]
[-52.11293605, 1.98218856, 0.89334447]
[-51.98254383, 2.87585044, -0.02949954]
[-50.98771976, 0.93101445, 2.55183104]
[-53.52296019, 2.37797296, 0.77642653]
[-55.87873005, 1.19389312, 2.18696571]
[-60.96820025, 1.00723512, 2.25696636]
[-60.55570075, -0.60145201, 4.00293864]
[-59.25649565, 2.78920644, -0.00600427]
[-59.48276601, 2.31258762, 0.51848344]
[-59.85836056, -0.21138141, 3.39916089]
[-58.16740886, 2.01070478, 0.76590738]
[-57.20416179, 2.09129735, 0.65578168]
[-56.42634246, 0.69698239, 2.34381539]
[-59.32604725, 0.61241564, 2.46796560]
[-61.13121559, 2.28155155, 0.59062518]
[-59.44650799, 1.49214021, 1.52735995]
[-57.17125342, 4.51750817, -1.93526419]
[-58.77842729, 2.86434740, 0.12666620]
[-58.46280895, 1.00243129, 2.41372964]
[-56.86673816, 3.89607024, -0.83291244]
[-60.64177962, 3.92368450, -0.57273616]
[-62.85883929, 2.59445401, 1.16476004]
[-65.28249179, 0.54432445, 3.52994851]
[-65.40880725, 2.28101745, 1.67727642]
[-67.01405025, 3.23939858, 0.71962434]
[-68.78584589, 4.37353735, -0.41822263]
[-68.79974379, -1.88491259, 6.33668035]
[-67.13460569, 4.75737717, -0.84541992]
[-65.98912583, 0.70037360, 3.54695988]
[-67.43556225, 5.11702694, -1.28100796]
[-66.81088364, 1.16668669, 2.92146477]
[-64.98669215, 1.01936050, 2.99304486]
[-65.55066240, 2.92753841, 0.83807664]
[-66.72279390, 1.18967992, 2.69635425]
[-67.88104936, 1.31448533, 2.51877760]
[-67.99554295, 2.72854141, 0.92981609]
[-66.44044814, 0.78095959, 2.92481136]
[-64.36443982, 3.70790902, -0.40980301]
[-65.54308065, 1.96518612, 1.41113222]
[-65.55992129, 1.34168947, 2.01321098]
[-65.12507256, 0.66744298, 2.65271360]
[-65.85769650, 1.47921033, 1.65843973]
[-65.67953662, 2.08033135, 0.91525158]
[-65.73681722, 0.73626331, 2.32321283]
[-65.62698079, 1.79343712, 1.12121737]
[-68.29893124, 2.21361874, 0.65581152]
[-68.20839331, 1.46894434, 1.43385096]
[-67.83249566, 1.53038904, 1.35561148]
[-67.32872205, 0.62289706, 2.33035408]
[-68.00056384, 1.35240905, 1.54027212]
[-69.41672025, 0.67828482, 2.26157220]
[-68.74442687, 1.71737783, 1.16734618]
[-67.51835749, -0.08242848, 3.13809041]
[-67.75289762, 1.21854927, 1.73472429]
[-67.99581131, -1.24739415, 4.31224921]
[-67.88766779, 1.75649965, 0.99962326]
[-66.70128354, 3.57718330, -0.98881790]
[-69.28190847, -0.62111251, 3.53352394]
[-70.80817610, -2.72265001, 5.67811177]
[-72.72848193, 0.06741898, 2.61561008]
[-73.84038237, 2.38830820, 0.12049209]
[-73.64751153, 3.89290152, -1.45792624]
[-73.11929600, -1.09653748, 3.73767753]
[-72.92678629, -0.77464599, 3.40146257]
[-73.05644455, -0.80255545, 3.43046923]
[-73.27770850, -0.66725272, 3.27957624]
[-73.91528240, 0.52969309, 2.02740348]
[-73.57121285, -0.45549596, 3.07542157]
[-73.31165277, -1.67080713, 4.38377223]
[-72.29168233, 0.50552268, 2.17914143]
[-72.37120730, -0.18644141, 2.93504484]
[-72.47052695, -1.54085662, 4.36891034]
[-74.61987977, -3.08686295, 6.02123004]
[-72.31302394, -2.17524653, 5.09808766]
[-71.99239492, 4.24506295, -1.58768865]
[-71.91617162, 5.68721322, -3.01897896]
[-70.89067464, 0.49106727, 2.51615192]
[-70.76233353, 1.86551940, 1.10589150]
[-71.66996033, 0.27514955, 2.80509460]
[-73.13806915, 1.46629717, 1.57043647]
[-74.79315236, 0.66960778, 2.39135882]
[-74.65895801, 1.63248384, 1.38695843]
[-73.47194462, -0.46492220, 3.56139032]
[-72.67513308, -5.04644481, 8.28883911]
[-73.26075590, -0.98877918, 4.00878236]
[-77.00674127, -5.44729958, 8.47416368]
[-77.64028140, 2.34784237, 0.39523689]
[-79.36756151, 0.40700007, 2.34323019]
[-79.38407552, -3.29782496, 6.09218787]
[-79.30922645, 0.21625403, 2.48901599]
[-78.37955558, -0.22095850, 2.92669413]
[-79.43873293, 2.54359058, 0.13029825]
[-78.36955962, -2.81746409, 5.64285805]
[-78.66317161, -2.91903902, 5.77688514]
[-77.38184147, 2.40658895, 0.34279159]
[-77.48969303, 1.63706481, 1.13064775]
[-79.92068632, -0.45821384, 3.27391388]
[-78.83765815, -6.79365396, 9.68908867]
[-80.87840063, 0.71338403, 2.02292176]
[-79.08397925, -3.52244807, 6.28736934]
[-80.30733083, -3.27798561, 5.96344268]
[-83.01572048, 9.04840048, -6.56882321]
[-85.18296708, -16.56445261, 19.07811313]
[-85.98617010, -8.22179726, 10.60754830]
[-87.51978279, 2.27772182, 0.00542369]
[-84.81637521, 4.18069221, -1.95273146]
[-85.36569473, 9.21783843, -7.03843115]
[-87.51180038, -21.36365029, 23.56333326]
[-84.63977028, 20.53676975, -18.43047522]
[-80.64780970, 4.55422794, -2.29343075]
[-80.00016245, -21.68698429, 24.40005016]
[-84.15683259, -10.39028978, 13.11897127]
[-80.86968678, -4.30199949, 7.20557510]
[-83.12146818, -20.09204704, 23.31868763]
[-82.66432140, -27.23095710, 30.64914244]
[-84.49902975, -7.09090709, 10.57866341]
[-84.43177352, 179.61062022, -176.12641514]
[-88.11933133, 98.34684846, -94.87847261]
[-84.70238547, -19.46141424, 22.98681680]
[-84.60938238, -170.33830741, 173.85064649]
[-88.08371853, -17.12989001, 20.45224536]
[-87.75517023, -99.42450744, 102.66928496]
[-88.44390368, 141.92056156, -138.75069120]
[-88.79273413, 110.62468186, -107.48048492]
[-89.52114988, -94.15356984, 97.30640668]
[-87.26072167, 6.47365381, -3.11794527]
[-88.47493855, -67.11627514, 70.82663856]
[-86.78770994, -22.50834625, 26.57124197]
[-87.93712658, -172.50989146, 176.87968802]
[-87.42386870, -175.90918733, -179.66857537]
[-88.68916882, -148.93184237, 153.33790341]
[-88.82412720, -89.21737071, 93.60902910]
[-89.13752242, -85.33077737, 89.72163561]
[-87.72939296, -143.10634573, 147.44828044]
[-86.57108583, -46.77347953, 50.64688841]
[-88.25070352, -161.21428357, 165.13429597]
[-87.54535892, -47.51015418, 51.39747921]
[-87.73989132, -12.51392236, 16.37072451]
[-87.66006484, -154.68413330, 158.56819603]
[-89.27591674, -169.81340046, 173.70063849]
[-88.33542900, -53.29042483, 57.16822750]
[-89.57135764, -22.01831662, 25.88841222]
[-88.62201081, -169.23896014, 173.10788741]
[-89.64057411, -46.85380324, 50.71792671]
[-89.60718616, -98.04449594, 101.90599832]
[-89.21589921, -53.99228181, 57.85083535]
[-88.89430789, -153.83979407, 157.70468495]
[-89.25431817, -72.68535262, 76.53968404]
[-89.11195638, -44.53144304, 48.38256663]
[-88.79898819, -152.86047969, 156.72139488]
[-89.14095566, -18.93790804, 22.79025466]
[-89.00836786, -143.51476981, 147.37105195]
[-89.06118836, -55.35034971, 59.19848086]
[-89.67091938, -80.83262664, 84.68085911]
[-88.70181750, -147.50055928, 151.35191027]
[-89.22120141, -87.74270682, 91.58601081]
[-89.35684791, -30.08222718, 33.92050881]
[-88.99634161, -144.77194419, 148.61274270]
[-89.54564512, -38.09809430, 41.93498428]
[-88.89183365, -119.46625875, 123.30517262]
[-89.48858757, -127.09745606, 130.93422781]
[-89.24660214, -83.69563564, 87.52717003]
[-89.02732414, -144.93071432, 148.76746568]
[-89.09376343, -94.62055123, 98.45131420]
[-89.20523658, -73.74792539, 77.57398296]
[-89.07235290, -129.66465942, 133.49476491]
[-89.34790558, -38.98849920, 42.81210616]
[-89.30469261, -136.73626461, 140.56354014]
[-89.11682727, -86.02959844, 89.85279037]
[-89.47664990, -11.72083863, 15.54069165]
[-88.82268896, -145.05338918, 148.87486900]
[-88.24044416, 176.23990669, -172.42123258]
[-87.47497145, 118.37572038, -114.77238154]
[-87.74447253, 105.10433097, -102.10607490]
[-87.44353863, -74.78887222, 77.46750656]
[-86.57585745, 9.94186911, -7.23016731]
[-85.89612516, 0.35344340, 2.66211712]
[-86.48581015, -42.94600960, 46.17800561]
[-84.37175111, -171.60529360, 174.97306674]
[-89.25254483, -100.39149975, 103.72574057]
[-88.68002093, -45.48551246, 48.81056056]
[-89.54392803, -34.33546401, 37.60998695]
[-89.28812397, 151.91880679, -148.85963575]
[-89.56863900, 158.97123595, -156.06736111]
[-87.35685781, -74.28418343, 77.13418588]
[-88.89625958, -115.57020458, 118.43816591]
[-89.00499636, -25.98754571, 28.88902737]
[-88.18515561, -161.30234597, 164.45777337]
[-88.93056755, -19.57223008, 22.92283530]
[-89.05861390, -111.19949507, 114.61481490]
[-88.13294573, -110.31575155, 113.72988595]
[-89.01137895, -138.08563632, 141.51038104]
[-88.95074646, -46.62117734, 50.03434863]
[-87.66628209, -175.29487060, 178.71683221]
[-88.31908728, -117.43484158, 120.83006737]
[-87.83087809, 47.49937732, -44.14276930]
[-86.61871979, -9.80785704, 13.30300336]
[-88.50232599, -30.50126412, 34.14039673]
[-87.85844480, -85.28300183, 89.01358808]
[-89.96165855, -144.79781990, 148.72625915]
[-89.35764592, 21.68584116, -17.50158504]
[-88.18460766, -94.21425118, 98.64336499]
[-86.38581614, -101.83546247, 106.31407304]
[-87.19698531, -122.39007334, 126.90123787]
[-87.47247354, -104.93959512, 109.43986929]
[-88.19614574, 39.39994380, -34.84389169]
[-87.76752087, 18.59930433, -13.90774767]
[-87.27795503, 98.32646799, -93.46527337]
[-87.28936610, -174.04670481, 179.15954123]
[-85.52287871, -145.55012123, 150.90049312]
[-84.05520065, -137.71728427, 143.24074744]
[-84.26014380, -160.03173804, 165.78580297]
[-84.27818695, -150.47010784, 156.27940952]
[-82.31650726, -146.73367845, 152.47638563]
[-84.89637100, -100.16837203, 105.40169656]
[-86.71820567, -125.55642456, 130.48281729]
[-79.76522204, -169.57452647, 174.41374609]
[-79.15394301, -175.90374557, -179.36000925]
[-78.63778821, -175.86073885, -179.51858671]
[-81.17027845, -178.51539033, -176.88698769]
[-86.66257274, 176.83482546, -172.26037633]
[-86.03909820, -152.83055407, 157.30561797]
[-79.94886710, -172.26107729, 176.81485794]
[-80.29533589, -165.99089591, 170.39039088]
[-78.84393176, -164.83072059, 169.06633797]
[-75.84336796, -171.36351295, 175.65828303]
[-76.07124281, -165.19282593, 169.17504580]
[-78.85723383, -163.70167956, 167.49227854]
[-81.70728906, -160.72116331, 164.29045478]
[-78.80217423, -165.29350261, 168.71027661]
[-73.44211966, -171.91531937, 175.30503705]
[-73.66443635, -175.99329017, 179.28008385]
[-74.79478556, -174.15286968, 177.10404419]
[-72.41934076, -178.34953798, -178.68540551]
[-71.26017060, -178.46867875, -178.62831760]
[-71.77015051, 177.43893254, -174.33029204]
[-70.83810878, -178.05206109, -179.07418369]
[-69.29992094, -179.71511094, -177.27544742]
[-69.72759097, -179.64392775, -177.21410864]
[-68.32247326, -176.22724822, 179.33326180]
[-67.54787200, -174.60568357, 177.84176062]
[-63.72606137, -173.70672482, 176.98262800]
[-64.14959514, -175.89952557, 179.52264222]
[-64.56725563, -176.91216289, -179.26561847]
[-65.49871505, -177.29913114, -178.76750164]
[-63.97440892, -175.12350731, 178.84958262]
[-61.84794558, -171.84848599, 174.98575261]
[-57.96334058, -175.24183387, 178.69587522]
[-58.31259378, -176.94580629, -179.43927538]
[-58.70594309, -177.17663884, -179.27851593]
[-57.52131503, -179.35972633, -176.80800603]
[-59.16636401, -179.05709186, -177.29051835]
[-58.54220015, -179.60045372, -176.89674143]
[-52.93666785, 179.85832352, -176.44435635]
[-51.59436753, -178.47500685, -178.89041929]
[-50.32459570, -175.36482050, 176.63752708]
[-47.76391935, -178.18168165, 179.87494350]
[-45.77962393, -178.35850449, 179.75763352]
[-43.76421516, -179.34974234, -179.16706037]
[-43.07816432, 179.93858804, -178.36740571]
[-40.48177662, -179.51925928, -179.49015243]
[-38.99262565, 179.78567640, -178.48123100]
[-38.43065762, -179.82142889, -178.90354599]
[-35.97453664, -179.07445796, 179.88205434]
[-34.97896264, -179.31841343, -179.78450092]
[-32.91672093, -178.87069423, 179.22595202]
[-28.81871488, -178.02861222, 177.33025121]
[-30.05587450, -179.61842616, -179.54909529]
[-28.65872709, 179.38670337, -177.38460341]
[-25.15959859, -179.58797457, -178.98196108]
[-22.55801706, -179.36166926, -178.94500969]
[-18.44365363, -178.00649895, 177.40127288]
[-16.28180979, -177.99943000, 177.33387349]
[-16.34574035, -177.99441890, 176.96280651]
[-19.31270602, -178.60777761, 178.74697258]
[-17.89620190, -177.83714616, 176.54648979]
[-11.85646244, -177.85466479, 176.64180506]
[-9.72404988, -178.08700027, 176.81305238]
[-5.73365493, -178.25836334, 176.17287968]
[-5.26693400, -178.39395396, 175.03539065]
[-5.27704468, -178.58240546, 174.33943868]
[-6.38108629, -178.88883077, 175.32208543]
[-7.44078610, -179.19632461, 177.42701486]
[-5.47124771, -179.12360752, 177.96834001]
[1.70460854, -178.97335239, 177.16281896]
[-1.69392794, -178.74316766, 178.02433960]
[-3.24025506, -178.39542791, 175.95728184]
[0.31479056, -178.14929182, 172.91207256]
[0.44242875, -178.06207800, 172.70664538]
[-0.60087781, -178.04956394, 176.58439684]
[-2.80730444, -178.12804652, 177.74374596]
[0.79329712, -178.21487886, 175.67597878]
[6.71027363, -178.88865093, 173.50415793]
[1.12603653, -179.41005220, 172.87024312]
[9.56224875, -179.61986188, 173.74965553]
[14.75710616, -179.49218860, 175.09048908]
[16.78181376, -179.93501953, 173.89865666]
[11.98057328, 179.88404083, 173.38941924]
[12.32753045, -179.46579025, 176.73367710]
[9.46425785, -179.70173304, 174.44346565]
[9.29863868, -179.33988640, 174.89549413]
[10.40631596, -178.78123522, 176.46289432]
[7.12817206, -178.35831714, 177.06302019]
[7.04383399, -178.29333426, 176.19634052]
[3.64871737, -178.30703780, 175.29660498]
[3.05581975, -178.15145902, 177.30809547]
[2.86096346, -178.00724295, 178.14740566]
[4.30698164, -177.73872363, 179.50043369]
[3.83691512, -177.67213239, 178.32128497]
[4.29202904, -177.46367341, 178.83905643]
[3.52526396, -177.36537602, 178.27515944]
[1.72347864, -177.29051453, 178.78954830]
[2.29139690, -177.26769095, 179.46037389]
[3.81925810, -177.43618087, 176.70473019]
[4.04681110, -177.56034862, 175.22224849]
[3.99269497, -177.41442330, 178.14516920]
[3.23177906, -177.32683454, 179.43389287]
[4.13269431, -177.32137767, 178.58182871]
[0.88272064, -177.28891156, 179.57754623]
[1.57649383, -177.33390570, 179.51591361]
[2.85669413, -177.33675015, 178.98374235]
[3.09713732, -177.36405175, 178.31153745]
[1.97920311, -177.49481727, 176.87928017]
[1.30202563, -177.59236086, 176.86370335]
[2.89265520, -177.64700703, 176.94950779]
[3.13400892, -177.75871823, 176.41923769]
[1.87447752, -177.84272183, 177.18276538]
[1.88171068, -177.94604835, 177.63297519]
[2.35859984, -177.98841641, 177.82423830]
[1.19767814, -177.96035018, 179.29367333]
[2.72483219, -177.95313735, 179.92095918]
[2.68655710, -177.96717609, -179.99248414]
[1.15935796, -178.02795235, 179.65051636]
[1.34972325, -178.02195662, 179.02296120]
[2.11327924, -177.92952154, 179.66564467]
[1.17780856, -177.89763246, 179.51091481]
[2.57332302, -177.89713913, 179.66494719]
[2.95374636, -178.02050132, 177.89900615]
[2.45511958, -178.04488485, 177.98006983]
[2.44045593, -178.09147664, 178.00588993]
[1.36728436, -178.08865586, 179.02935016]
[2.93024844, -178.04489963, -179.58640349]
[2.35758796, -178.04047643, -179.65907672]
[1.75886113, -178.15717304, 179.20605332]
[1.88945883, -178.26982959, 179.17639902]
[1.56143180, -178.30752840, 179.64712976]
[0.46993316, -178.31759740, 179.45579703]
[0.27483423, -178.31877658, 179.61007285]
[0.59541404, -178.33149702, 177.93620181]
[1.23004374, -178.32811700, 178.29786109]
[1.80202301, -178.25123513, -179.62371657]
[1.54294266, -178.22981252, -179.91747191]
[0.95777698, -178.23245492, 178.22910767]
[0.78622641, -178.22955886, 178.17414914]
[0.85703733, -178.22464991, 179.36112684]
[1.45055152, -178.21260386, -179.50661219]
[0.93595840, -178.25822709, 179.44591098]
[0.51627630, -178.28302677, 179.40853999]
[0.41721895, -178.32878465, 179.09092374]
[0.92515206, -178.35156829, 179.22021764]
[0.94867179, -178.38293640, 179.58381902]
[1.84493298, -178.41623240, 179.19902666]
[1.40521171, -178.43579648, 178.81185661]
[1.59097367, -178.44500339, 178.56744264]
[1.17783428, -178.41544191, 179.65386242]
[1.84868912, -178.41882917, 179.81282403]
[0.64968008, -178.45295525, 179.16621310]
[1.16349051, -178.47343195, 179.13310326]
[0.57796977, -178.49205117, 178.81801656]
[0.49091139, -178.48393084, 179.81743118]
[1.61070998, -178.48621593, 179.29869527]
[2.20310802, -178.47579904, -179.77909481]
[2.78009428, -178.54681912, 179.96139326]
[2.27328100, -178.63519820, 179.84007246]
[2.18953424, -178.74797199, 179.18987418]
[2.09697317, -178.81606165, 178.68381077]
[0.94827094, -178.79391597, 179.81305807]
[1.72104674, -178.75832280, -179.60471770]
[1.06288635, -178.69843334, -179.81044920]
[0.48992811, -178.65241198, 179.94244738]
[0.76342882, -178.61510187, -179.86926130]
[0.41454083, -178.61731307, 179.57684228]
[1.00871391, -178.62937771, 179.42756505]
[1.26775588, -178.63985917, 179.74961530]
[1.76915449, -178.62960316, 179.83244362]
[1.54608068, -178.57082411, 179.57148362]
[0.72171567, -178.46044705, 179.94809886]
[0.70318831, -178.32690763, 179.26297961]
[1.14553470, -178.29466935, -179.44089224]
[2.24061449, -178.29419973, -179.15786471]
[2.61692205, -178.31020201, -179.38197477]
[1.84075655, -178.32494089, 179.73283538]
[2.15904873, -178.29991912, 179.25372044]
[1.01343388, -178.20342712, 179.16851823]
[0.23224171, -178.13554806, -179.91958689]
[0.38416862, -178.03999205, -179.91556743]
[-0.91550953, -178.00712709, 179.60027557]
[-0.11393040, -178.03991885, -179.79188105]
[-0.02551916, -178.07221354, 179.42973628]
[1.48722793, -178.13783111, 179.48787279]
[0.96218943, -178.19932591, 179.57520059]
[1.23523096, -178.27166041, 179.22825689]
[1.77023775, -178.37848465, 178.97795528]
[0.28779391, -178.46838491, 179.48107371]
[1.03673973, -178.52582572, 179.34290909]
[0.86774272, -178.56760250, 178.82973823]
[-0.12515170, -178.53368454, 179.22870273]
[1.60762009, -178.45872735, 178.36603924]
[0.83847678, -178.35259881, 177.89661099]
[0.54712928, -178.18577942, 178.00894491]
[0.21484618, -178.08544830, 178.18973890]
[-0.06821402, -177.95980205, 179.60236710]
[1.37036881, -177.93978068, -179.37174672]
[1.53881264, -178.08201261, 178.78743877]
[1.32022860, -178.22649860, 177.58019149]
[1.92310609, -178.34539544, 177.23648490]
[1.19799903, -178.41304511, 177.46251067]
[1.62033477, -178.42872479, 178.70662064]
[1.15617951, -178.46089980, 178.90873648]
[1.35613609, -178.53761377, 178.02731211]
[2.34204501, -178.64999344, 179.32387424]
[2.51893068, -178.76149501, 179.17593261]
[2.80627762, -178.83348124, 178.87058223]
[2.56642526, -178.89892704, 178.43605753]
[3.94140274, -178.92496474, 178.99793626]
[4.96404618, -178.95807553, 179.44429362]
[4.70763402, -179.13174371, 178.24643300]
[5.60251272, -179.23565712, 177.52645824]
[7.02328822, -179.28898805, 176.92396200]
[7.71422688, -179.20610068, 177.52123845]
[8.29035008, -179.25127856, 177.20208214]
[8.64202216, -179.11575561, 178.07069655]
[8.60414904, -179.15884642, 177.73132691]
[9.71309218, -179.25876052, 177.11784702]
[10.72657711, -179.26370101, 177.17602288]
[13.46352229, -179.12040521, 178.03149272]
[13.42013660, -179.05110362, 178.06140847]
[14.17434493, -178.61956168, 179.25330001]
[16.39833414, -178.68340578, 178.49884035]
[18.45271013, -178.80851602, 177.82067397]
[19.45408451, -178.92294666, 177.27720548]
[21.41589488, -178.69117955, 177.87070861]
[21.48807270, -178.89014565, 177.43248358]
[23.77684252, -178.93798722, 177.72236883]
[25.51324217, -178.99712389, 178.13432246]
[28.60407657, -178.71889554, 179.35516521]
[29.96104403, -178.54379353, -179.83720375]
[30.61897144, -178.68490277, -179.84159576]
[31.72231006, 179.44024967, 176.69737620]
[34.98831519, -179.66490647, 178.51948830]
[35.78386375, 178.82756232, 176.20118138]
[39.54456689, 177.84507729, 174.93998963]
[43.42761963, -178.85330527, -179.92449369]
[45.85385290, 179.69511488, 178.41849972]
[51.09260284, -179.70748086, 179.41287525]
[45.71866288, -178.35081372, -178.75377094]
[51.79489443, -179.86670925, 179.22739572]
[52.12756431, 178.00044921, 176.46213648]
[55.88553185, 178.46626838, 176.98584089]
[58.23873260, -179.72924279, 179.08584810]
[57.32768846, -176.67328238, -177.45017315]
[60.23542552, -177.97894318, -179.15559553]
[54.00702802, 179.61062597, 177.74456301]
[65.92944810, 177.62190248, 175.27920871]
[64.93589465, 174.56167121, 171.77585584]
[70.65594323, -165.54927328, -166.91500864]
[60.38604409, 179.95087124, 177.11873456]
[59.60226060, -175.52525180, -177.68873946]
[65.67774632, -175.85132750, -178.11577660]
[60.31239643, -179.71813029, 177.62007625]
[62.87933921, 176.23941685, 173.31795831]
[75.31291255, 174.19668993, 171.47295689]
[72.64712857, 172.09825709, 169.55571385]
[74.95568029, 177.59249546, 175.45219392]
[70.70305054, -179.01497379, 179.14382527]
[72.13983624, -174.19025206, -175.67509827]
[80.54926250, -168.95216297, -170.19620844]
[77.38233097, -165.90569858, -167.05033850]
[77.84737101, -177.75152101, -179.21616718]
[80.55468013, -164.42334800, -165.76915552]
[75.55849490, 176.93814029, 175.10749044]
[80.43362639, -175.30183173, -177.14123779]
[82.14269813, -170.28300857, -172.30541445]
[85.20168317, 172.60221244, 170.15633313]
[89.86105258, 151.35414026, 148.64464925]
[52.64909318, 2.67862008, -0.23521343]
[89.23431854, -110.72360794, -113.83234449]
[88.39218845, 64.25915692, 61.06145520]
[83.60533025, 5.46187195, 2.16816818]
[88.23645806, 45.28152882, 42.04605937]
[88.53830241, 19.27776740, 16.02424494]
[89.67932613, -52.03170068, -55.27120637]
[88.89309490, 11.99531298, 8.79729700]
[87.79393019, -170.73443288, -173.91720619]
[88.17300824, 97.62646845, 94.31123080]
[89.53375858, 97.23782115, 93.88357526]
[85.07669983, -170.49296330, -173.73713947]
[87.66833771, 104.20084201, 100.93749465]
[88.58595358, 125.01453272, 122.06601254]
[86.43794397, 132.58256065, 129.91828568]
[88.83202372, -9.34666217, -11.83788734]
[84.80987710, -13.97540303, -16.32756976]
[89.09732431, 74.69841460, 72.49011998]
[87.55943246, 156.87735965, 154.79049159]
[89.50525809, 25.50103652, 23.50024095]
[88.34866248, 9.19114708, 7.18999720]
[89.50103248, 22.84295099, 20.84166061]
[89.17104495, 14.63025575, 12.62584656]
[88.99630383, 157.32627254, 155.32652017]
[89.53244226, 6.40010170, 4.39657886]
[89.70376385, 173.55810190, 171.55469495]
[89.35420004, -177.85403571, -179.85703164]
[89.45531331, 84.83039458, 82.82229596]
[89.23274432, 19.46762442, 17.45514693]
[89.49756139, 27.82981534, 25.81395741]
[89.35772638, 75.26703496, 73.25061982]
[89.27763563, 112.70623387, 110.69296395]
[89.51301935, 169.25658471, 167.24632716]
[89.45665902, 48.59734851, 46.58396188]
[89.64729473, 69.88128027, 67.86920753]
[89.89988401, -35.19016762, -37.20127376]
[89.54827478, 109.49240353, 107.48205882]
[89.76409025, 99.59668120, 97.58472075]
[89.57889426, 134.12300861, 132.11029581]
[89.24767396, 91.00743756, 88.99226935]
[89.33234075, 46.54685301, 44.52782609]
[89.46476642, 96.08947901, 94.07183909]
[89.59426937, 75.81272564, 73.79572756]
[89.52356174, 71.38380469, 69.36593255]
[89.87082871, 95.19779501, 93.17753622]
[89.52287579, 52.07988210, 50.05585550]
[89.37107512, 45.23793218, 43.21086069]
[89.49857164, 53.25932246, 51.23311203]
[89.65008933, 97.63312372, 95.61114945]
[89.64528102, 57.04455900, 55.02287594]
[89.61114276, 71.82224364, 69.79958045]
[89.52223175, 64.46749953, 62.44477208]
[89.67164440, 18.73179193, 16.70697679]
[89.63292882, 75.41468681, 73.38784823]
[89.33719674, 79.99247301, 77.96705632]
[89.47020146, 42.55055869, 40.52074355]
[89.57250877, 100.42696433, 98.39878671]
[89.67232440, 71.66217402, 69.63253142]
[89.63505250, 39.62916174, 37.59565650]
[89.83866233, 64.42455039, 62.38918268]
[89.73211715, 124.37858819, 122.34078532]
[89.49259431, 101.34649403, 99.30578182]
[82.76876749, -62.43110065, -64.19371882]
[89.22494319, -78.93031542, -80.54005777]
[85.88695867, 102.81580600, 101.25268994]
[83.19018808, 109.33774527, 107.80067941]
[87.59710876, 12.60883051, 10.92466638]
[87.78871675, 4.67040785, 2.97221645]
[88.89410877, 167.54677885, 165.85441438]
[89.74948377, -163.67706951, -165.36844108]
[88.45413447, 16.22127888, 14.52777735]
[89.37727657, 173.75036689, 172.06063082]
[88.71860660, 154.93740688, 153.24550004]
[89.58571853, 45.97112191, 44.27333830]
[88.69414065, 29.65600735, 27.95625277]
[89.27758876, 97.48906896, 95.79757513]
[89.71822730, -179.41236854, 178.89867135]
[89.76541926, 66.45431485, 64.76304854]
[89.34305643, 21.35436939, 19.65949467]
[89.56906832, 78.37892847, 76.68552430]
[89.43910598, 5.42177397, 3.72254340]
[89.77976746, 106.47725078, 104.77848276]
[89.65935493, 92.22565343, 90.52741530]
[89.81166367, 140.19473254, 138.49559579]
[89.67517344, 60.19288311, 58.49286808]
[89.72511070, 51.78560808, 50.08300930]
[89.85850429, 17.71041130, 16.00718426]
[89.18591517, 35.50050256, 33.79817141]
[89.76621748, 87.51240300, 85.81076967]
[88.77123136, 174.23358984, 172.70222411]
[89.44895185, 5.50407612, 4.14607393]
[89.03583277, 91.00816095, 89.79265820]
[88.71529192, 165.32212397, 164.26819929]
[88.78948207, 19.11265904, 18.19769367]
[89.38679539, 75.51586751, 74.73065652]
[88.94711265, 23.47076319, 22.77627759]
[88.92384227, 48.93727993, 48.24226674]
[89.15310447, 23.28900840, 22.58521163]
[89.55156936, -19.74305694, -20.45254102]
[89.62664509, 40.94976232, 40.23865290]
[88.14407360, 85.30731166, 84.52822691]
[89.43485142, 24.09993851, 23.20107178]
[89.32701378, -109.79430343, -110.75728815]
[89.86032129, 128.79179709, 127.78487196]
[89.20754684, 82.63720485, 81.61310001]
[89.30119742, 20.71590807, 19.68760116]
[89.73638336, 124.11925807, 123.09225308]
[89.69345354, 124.42343575, 123.39887502]
[89.65344494, -124.88163184, -125.86552433]
[89.22327117, 68.81931879, 67.86324180]
[89.73144473, 46.11404578, 45.18995798]
[89.46057872, 141.27469685, 140.39180572]
[88.55394689, 81.80728924, 80.91438550]
[87.89508824, 21.46534813, 20.50973491]
[89.46140696, 106.14652479, 105.16050097]
[88.14562428, 139.27613462, 138.28053245]
[89.12545786, -157.10865032, -158.01374738]
[87.82674661, -69.43563669, -70.31900689]
[87.37922584, -45.34355139, -46.19625411]
[88.46948906, -17.06836842, -17.93833045]
[85.43766141, 52.11348797, 51.31022531]
[88.61731546, -59.04195424, -59.87521832]
[87.45953428, 42.98535892, 42.20075166]
[88.73592184, 47.81827050, 47.00713014]
[89.10974259, 8.79203644, 7.91997749]
[87.57443106, 24.98266841, 24.04698491]
[86.38200826, -19.72576060, -20.81262336]
[86.75147069, 25.38944962, 24.28559949]
[86.12080996, 12.19287481, 10.92363092]
[83.77742198, 9.95398429, 8.46726746]
[83.36561312, -3.20849962, -4.95596646]
[80.77370398, -0.36842046, -2.27651564]
[82.62522747, -3.40006272, -5.45595748]
[81.69887788, 3.72806977, 1.63841575]
[79.72034401, 11.11857591, 9.02737046]
[79.39740591, 5.10041959, 2.76525715]
[81.59013056, 1.77382946, -0.79015447]
[80.76663720, 8.25400983, 5.49930097]
[81.95471402, 7.84745728, 4.90702403]
[77.61922500, 2.92269701, -0.21922346]
[75.39909121, -0.61025354, -3.86927598]
[75.75809707, 8.30946687, 5.30098400]
[72.74712684, 5.92750899, 2.55412167]
[74.94825493, -0.93977583, -4.87280399]
[71.85698564, 5.39003275, 1.38956729]
[71.97213953, 9.10466928, 4.90131499]
[70.23150678, 9.22336276, 4.79827178]
[68.25512905, 14.70515588, 10.58328613]
[67.63677491, 6.31919011, 1.83079764]
[63.20708731, 5.77447284, 1.51637147]
[58.83582641, -9.02635652, -14.88031769]
[61.57618792, 7.68266801, 4.58927913]
[58.67515850, 2.05346773, -1.56052087]
[57.64013465, 2.35485469, -0.87632358]
[60.29263870, 0.13761004, -2.90695698]
[57.63759698, 3.94167592, 2.17331242]
[53.30063677, 4.63884725, 3.10543742]
[49.48246202, -0.32529105, -3.57375864]
[46.56331140, 0.84742554, -2.17787144]
[46.54109017, 3.35067370, 1.16750616]
[42.44251428, 1.62622899, -1.44678585]
[48.65513443, 1.16709486, -2.29365243]
[41.91110512, 1.02396415, -2.85232645]
[38.87173617, 3.79436187, 0.79041826]
[32.60532580, 4.91629189, 2.66218254]
[29.63567822, 3.77521605, 0.87374811]
[31.85474557, 5.78306902, 4.88749786]
[30.09160529, 5.68909583, 4.65407977]
[27.22410034, 4.09297957, 1.42458581]
[26.26810739, 2.29912474, -2.42543580]
[31.35908101, 2.67279410, -1.53426434]
[31.60859652, 3.87642659, 0.66695765]
[25.83309084, 4.19529275, 0.46008065]
[24.57855252, 3.94595013, -1.41550397]
[25.63801690, 5.86621729, 2.52189508]
[18.34789721, 6.21503069, 3.55381455]
[17.93639652, 5.99206812, 3.10731507]
[19.29001562, 5.68069459, 2.40065586]
[16.54231790, 5.72243770, 2.90910414]
[16.93798277, 4.85771278, 0.38013072]
[12.26676529, 5.08475545, 1.63961422]
[13.06558638, 5.59263039, 4.35709425]
[16.97643541, 4.95980175, 1.79590231]
[9.57912753, 5.51958479, 4.00867884]
[13.78037887, 5.34695849, 2.13201935]
[16.06922337, 5.05932108, 0.53920894]
[18.00987629, 4.24336693, -2.36406649]
[13.59121590, 4.97889580, 0.55803291]
[12.67777136, 5.07465990, 1.76421912]
[8.45739804, 4.65744642, 0.83164563]
[8.50418436, 4.39273093, 0.95881001]
[6.98023824, 4.04976819, 0.01772790]
[6.57453475, 4.02465893, 0.16348634]
[0.02899289, 3.88784973, -0.74752263]
[1.34521528, 4.03169035, 1.97709346]
[7.65364801, 4.15525714, 2.89578115]
[4.92869356, 4.02343245, 1.47753296]
[0.98950020, 4.05662581, 1.88345098]
[0.15491236, 4.12311347, 0.13220567]
[6.24279070, 4.41332001, 0.08852581]
[5.95586758, 4.62057874, 2.30880979]
[4.26397002, 4.33014974, -0.46805070]
[-0.51650503, 4.06889008, -0.20063531]
[4.88764083, 3.84783502, 0.11178384]
[3.38323202, 3.63456801, 0.83354095]
[1.81026186, 3.34135175, 0.00000662]
[0.54928228, 3.11689814, 0.84134023]
[1.57886547, 2.85940236, 0.35482047]
[4.89463794, 2.68105581, -2.03198539]
[1.98400233, 3.01813360, -1.52135794]
[0.36710727, 3.21238258, 0.16761987]
[1.51329630, 3.23771486, 3.33184691]
[1.87379199, 3.14958079, 0.90180761]
[1.63155942, 3.11581981, 0.37996958]
[2.45535332, 3.10862489, 0.75900362]
[0.20983437, 3.05544467, -0.58557200]
[1.81845412, 3.04491528, 0.81740790]
[-0.26517686, 2.97518164, -0.89443561]
[5.99136485, 2.03943888, -12.62588990]
[-4.32282743, 2.47734181, 13.17497318]
[0.73070728, 2.88736393, 0.26844484]
[-1.42435951, 2.89230949, 0.14640301]
[0.94150829, 2.87777033, 0.99384781]
[-0.28787557, 2.85505788, 1.00300694]
[-1.66945680, 2.70524227, 1.67718914]
[-0.85484703, 2.63738787, -0.00903473]
[0.42649603, 2.56351923, 0.61045694]
[1.78900676, 2.59401084, 2.05199379]
[-0.44141767, 2.57592469, 0.63377452]
[-0.68996363, 2.56599873, 1.04550500]
[-0.73710949, 2.56415070, 0.30340773]
[-0.33472004, 2.55892619, 0.96980487]
[-0.50915249, 2.56796849, -0.07681154]
[-0.76387881, 2.55704584, 0.72433727]
[-0.45930024, 2.55609373, 1.00180448]
[-0.40746951, 2.55976895, 0.72519276]
[0.28055465, 2.55908276, 0.70328736]
[-0.71926287, 2.56150657, 0.28670271]
[-0.22940116, 2.56088987, 0.66220258]
[-0.46421266, 2.56141456, 0.54381676]
[-0.29565879, 2.56128042, 0.62894316]
[0.19389818, 2.56214729, 0.51546707]
[-0.63904494, 2.56523644, 0.12663894]
[-0.29523946, 2.56359048, 0.55733148]
[-0.32940601, 2.56439337, 0.45460743]
[-0.44103547, 2.56324220, 0.48872459]
[-0.27010780, 2.56451351, 0.00850021]
[-0.32906162, 2.56340583, 0.24767390]
[-0.62064635, 2.56418132, 0.32567613]
[-0.08317078, 2.56317179, 0.43226105]
[-0.55259585, 2.56123818, 0.76511205]
[0.36027066, 2.56159320, 0.61205924]
[-0.53764947, 2.55904611, 0.09880535]
[-1.93981598, 2.51131078, 2.36800878]
[-0.48978192, 2.56052563, -0.07372707]
[0.33794688, 2.56110916, 0.25387617]
[-0.65289698, 2.55720137, 1.16154253]
[0.01457135, 2.56205992, 0.14661842]
[-0.26475564, 2.56104510, 0.87134287]
[-0.62935923, 2.56336104, 0.55149115]
[0.07370872, 2.56195097, 0.56806664]
[-0.25399117, 2.55775598, 0.57456230]
[-0.41263464, 2.56032227, 0.26344608]
[-0.74054328, 2.56252147, 0.06374062]
[-0.11736570, 2.55883157, 0.56106303]
[-0.77268499, 2.55781680, 0.67064948]
[-0.65288075, 2.55811673, 0.64607948]
[-0.49271384, 2.56182155, 0.53449709]
[-0.63534769, 2.56189102, 0.49303270]
[-0.26495665, 2.56319929, 0.43144071]
[-0.46947889, 2.56442119, 0.52067118]
[-0.36776563, 2.56614149, 0.54147053]
[-0.24257854, 2.56896904, 0.28317800]
[-0.30259908, 2.56986077, 0.41039807]
[-0.38728689, 2.56839150, 0.73265596]
[-0.63225655, 2.56764066, 0.30997776]
[-0.15435448, 2.57011174, 0.29051841]
[-0.34570093, 2.57089353, 0.62386900]
[-0.17262197, 2.57067604, 0.68702132]
[-0.24676569, 2.56896946, 0.56792425]
[-0.12754728, 2.56962880, 0.55206982]
[-0.63669414, 2.57138015, 0.29549115]
[-0.40569387, 2.57447412, 0.20674863]
[-0.13213281, 2.57195207, 0.58500483]
[0.07786380, 2.57347810, 0.21253220]
[-0.31055260, 2.57429558, 0.32150904]
[-0.51140861, 2.57338669, 0.59942959]
[-0.17842161, 2.57732523, 0.17402391]
[-0.59877311, 2.57830319, 0.23958020]
[0.10117124, 2.58043731, 0.49433559]
[-0.78022543, 2.58138618, 0.20425034]
[-0.48728985, 2.57964456, 0.32059896]
[0.01644266, 2.57756148, 0.46750622]
[-0.45988943, 2.57797936, 0.59740024]
[-0.43705309, 2.58373068, 0.31931764]
[-0.35596983, 2.58343203, 0.43060956]
[-0.39803070, 2.58214967, 0.54669389]
[-0.55096449, 2.58101879, 0.32235158]
[-0.71648129, 2.58098921, 0.37301958]
[-0.23578544, 2.58156501, 0.35019500]
[0.14450822, 2.58035863, 0.32287230]
[-0.54757541, 2.57889789, 0.30034194]
[-0.11253251, 2.57735915, 0.53943837]
[-0.40046740, 2.58002620, 0.20186838]
[-0.18082490, 2.58004473, 0.24658959]
[-0.91516344, 2.57339671, 0.68296876]
[0.00785634, 2.57427298, 0.57504377]
[-0.33413331, 2.57463076, 0.34565990]
[-0.21765469, 2.57468369, 0.20535966]
[-0.61165217, 2.57173053, 0.51486087]
[-0.37511833, 2.57380680, 0.25971716]
[-0.49116699, 2.57147783, 0.43981269]
[-0.66082827, 2.57199933, 0.49186590]
[-0.22266368, 2.57150918, 0.20107348]
[-0.62772589, 2.56951093, 0.37948876]
[-0.42107054, 2.56575923, 0.63813830]
[-0.73515447, 2.56678781, 0.40863814]
[-0.55859418, 2.56694220, 0.46616297]
[-0.35547364, 2.56745573, 0.32494697]
[-0.66605372, 2.56569808, 0.55082001]
[-0.40790429, 2.56560855, 0.60172829]
[-0.46056361, 2.56721663, 0.17187084]
[-0.20679512, 2.56766112, 0.26544665]
[-0.42834342, 2.56918176, 0.29082711]
[-0.41267279, 2.56956899, 0.43113328]
[-0.32167631, 2.57106084, 0.34324644]
[-0.16212520, 2.57180037, 0.48621720]
[-0.00900027, 2.57248551, 0.31270741]
[-0.50207537, 2.57053117, 0.60202920]
[-0.38328847, 2.56968912, 0.79792938]
[-0.32406462, 2.57351867, 0.37112380]
[-0.07106513, 2.57212394, 0.74660756]
[-0.74001649, 2.57407477, 0.30785231]
[0.03034080, 2.57169189, 0.42796605]
[-0.64187763, 2.57300660, 0.14597346]
[-0.33492409, 2.56915660, 0.44057730]
[-0.15360979, 2.56984147, 0.03588644]
[-0.49794204, 2.56599083, 0.24817614]
[-0.07410525, 2.56624873, 0.51326024]
[-0.23541046, 2.56768219, 0.28432078]
[-0.59696874, 2.56510918, 0.31688656]
[-0.49158527, 2.56244911, 0.49362843]
[-0.24226048, 2.56309339, 0.42693708]
[-0.52043277, 2.56190119, 0.74294728]
[-0.45792437, 2.56558313, 0.27855606]
[-0.00312532, 2.56646606, 0.09242133]
[-0.13378222, 2.56674870, 0.61013437]
[-0.16424287, 2.56501815, 0.60397850]
[-0.40181021, 2.56697524, 0.15487073]
[-0.31406213, 2.56441218, 0.52774911]
[-0.41094528, 2.56463586, 0.76496534]
[-0.75953968, 2.56861238, 0.51262734]
[-0.48197207, 2.56932267, 0.48255817]
[-0.09646157, 2.56808212, 0.66241664]
[-0.05431127, 2.57028756, 0.45538073]
