[0.45309661, 178.74167261, 0.43357359]
[0.30227492, 178.74343593, 0.48395472]
[0.23587609, 178.74169762, 0.24134645]
[0.03499701, 178.74500526, 0.51768853]
[0.30387274, 178.74525514, 0.52045278]
[0.56135827, 178.74487515, 0.40094561]
[0.27294413, 178.74704191, 0.59631580]
[0.50744329, 178.74269461, -0.03404872]
[0.08847210, 178.74053650, 0.01940914]
[0.18011096, 178.74102075, -0.08939498]
[0.01461418, 178.74344754, 0.84745157]
[-0.12079476, 178.74335178, -0.14341485]
[0.29046427, 178.74553541, 0.40729078]
[-0.26694252, 178.74698828, 0.65370973]
[0.03428406, 178.74524815, 0.10381601]
[0.17954154, 178.74525014, 0.54184055]
[0.37316054, 178.74534301, 0.37992130]
[-0.15779148, 178.74364507, 0.53944084]
[0.37115197, 178.74208208, -0.00856105]
[0.44226837, 178.74603019, 0.65283723]
[0.14206134, 178.74381348, 0.12934009]
[-0.03949437, 178.74403942, 1.03131728]
[0.17005506, 178.74515381, 0.48746307]
[0.45480266, 178.74360779, 0.15791729]
[-0.32245492, 178.74646789, 0.43199810]
[0.39758374, 178.74583059, 0.72931948]
[0.21989671, 178.74848547, 0.67844187]
[0.25808606, 178.75271397, 0.96260766]
[-0.13078552, 178.75383107, 0.32217315]
[0.11170329, 178.75283336, 0.23485683]
[0.16794663, 178.75107627, 0.23877015]
[0.11604596, 178.74959733, 0.39988891]
[0.23291361, 178.74888735, 0.48570864]
[0.48466031, 178.75235829, 0.74010817]
[-0.07534359, 178.75363662, 0.73181560]
[0.27748927, 178.75132489, 0.62047662]
[-0.10838796, 178.75050315, 0.49289317]
[0.02924046, 178.75004074, 0.67564648]
[-0.08160536, 178.75114288, 0.26462540]
[0.07001041, 178.74925873, 0.51631442]
[0.05541542, 178.74748646, 0.18377599]
[-0.29193820, 178.74895177, 0.62317839]
[0.25141008, 178.74794791, 0.24093511]
[0.42670389, 178.74878068, 0.65204751]
[0.23329693, 178.74425373, -0.06186537]
[-0.15681421, 178.74457192, 0.62234521]
[0.06401386, 178.74351362, 0.68275812]
[0.27320072, 178.74286649, 0.64977478]
[0.06516762, 178.74439772, 0.68389689]
[0.44633568, 178.74210044, 0.62578180]
[0.24773159, 178.74434930, 0.40072763]
[0.30296025, 178.74567680, 0.40618205]
[0.16351181, 178.74329788, 0.24299327]
[-0.07445823, 178.74075439, 0.07528031]
[-0.07505833, 178.73766082, 0.13183512]
[0.50819648, 178.74166859, 0.97720020]
[0.53903928, 178.73645182, 0.73729577]
[0.12428981, 178.72935836, 0.20844824]
[0.45416855, 178.73390770, 0.65180599]
[0.31627827, 178.72972011, 0.59430211]
[0.18017143, 178.72735436, 0.68298154]
[0.30268901, 178.72844151, 0.37460274]
[-0.05374147, 178.73021598, 0.26637287]
[0.19567781, 178.73437162, 0.34816579]
[0.11617254, 178.73324525, 0.76052360]
[0.00221672, 178.73010942, -0.11463339]
[0.16475241, 178.73230393, 0.77172978]
[0.49668042, 178.73449073, 0.64896710]
[0.08951918, 178.73138079, 0.48843616]
[-0.18369344, 178.72756249, 0.51630557]
[-0.10090474, 178.72535683, 0.48598084]
[0.40758940, 178.72188831, 0.32175428]
[0.42449254, 178.71886507, 0.09997435]
[0.62188792, 178.72503488, 0.51900186]
[0.12479348, 178.72543974, 0.70430210]
[0.30546082, 178.72108705, 0.40825319]
[-0.16238135, 178.71730918, 0.65277292]
[0.10991286, 178.71458543, 0.46007950]
[0.39648908, 178.71049198, 0.43037226]
[-0.02117523, 178.70930178, 0.84117499]
[0.38134247, 178.71080880, 0.28967951]
[0.42471607, 178.70900238, 0.51093936]
[0.34937117, 178.70819148, 0.26954165]
[0.38220559, 178.70777497, 0.64891934]
[-0.05330767, 178.70415804, 0.70197959]
[0.26954655, 178.70153313, 0.92115033]
[0.13772273, 178.69824922, 0.41049131]
[-0.01134058, 178.69498125, 0.84072640]
[-0.01977701, 178.69204414, 0.43393026]
[-0.31143897, 178.69250032, 0.07606487]
[0.11357613, 178.68758989, 0.56391889]
[-0.10492430, 178.68636858, 0.31943068]
[-0.07690382, 178.68789096, 0.12537064]
[0.06244444, 178.68581947, 0.43620615]
[0.13961819, 178.68273918, 0.59046441]
[0.53354703, 178.68427725, 0.53702315]
[0.11183038, 178.68454129, 0.58972921]
[0.27802279, 178.68372280, 0.35057026]
[0.23662691, 178.68092073, 0.54705003]
[0.12488970, 178.67831443, -0.25321887]
[0.20125177, 178.68277009, 0.49411275]
[0.00553651, 178.68231938, 0.04656303]
[0.38275600, 178.68459955, 0.16071454]
[-0.15639100, 178.68517688, 0.40251680]
[0.48013312, 178.68744316, 0.39748795]
[0.67736780, 178.68412013, 0.15779471]
[0.33370774, 178.68363305, 0.40412924]
[0.28424530, 178.68290190, 0.64372832]
[0.33266809, 178.67958763, 0.21325808]
[0.29716641, 178.68361438, 0.40057571]
[0.06061030, 178.67909067, 0.45493039]
[0.10896912, 178.68218917, 0.29624105]
[0.04161498, 178.68131173, 0.50966005]
[0.21842599, 178.67946450, 0.70196725]
[0.14458072, 178.68042023, 0.81384443]
[0.00762344, 178.67596472, 0.42852002]
[0.30330550, 178.67752839, 0.60259110]
[0.08760654, 178.67146565, 0.07604687]
[0.28129153, 178.66902532, 0.24340671]
[0.14376775, 178.66963759, 0.70424576]
[0.38479380, 178.66608575, 0.56740950]
[-0.01934503, 178.66780809, 0.70537213]
[0.22593525, 178.66678095, 0.49002716]
[0.37225871, 178.66591669, -0.06311826]
[-0.15664036, 178.66400708, 0.57615879]
[-0.04721953, 178.66500635, -0.19873221]
[0.31432271, 178.66670151, -0.14441594]
[0.16361325, 178.66793490, 0.35299027]
[0.08311477, 178.66680365, -0.08871737]
[0.22356129, 178.66774526, 0.43498433]
[-0.04787331, 178.66711169, 0.10224707]
[0.16453465, 178.66423764, -0.19769805]
[0.12729191, 178.66515480, -0.05827334]
[0.16724742, 178.66722891, 0.15116350]
[0.14053035, 178.66945516, 0.35401216]
[0.55946362, 178.66954354, 0.48365680]
[0.06109680, 178.66644170, 0.13103108]
[0.17081412, 178.66635680, 0.57564290]
[0.30740562, 178.66023916, 0.13187173]
[0.22408002, 178.66309911, 0.62077877]
[0.09672835, 178.66436549, 0.59497238]
[0.08935639, 178.66070629, -0.00643956]
[-0.18375604, 178.65591944, 0.62178790]
[0.61820801, 178.65103819, -0.14413153]
[0.00751932, 178.65169976, 0.51370642]
[0.23372447, 178.65113285, 0.26593053]
[0.46404809, 178.64522965, 0.01923515]
[0.11002441, 178.64814143, 0.70649810]
[0.34308523, 178.64438325, 0.73277353]
[0.21958041, 178.64223334, 0.62047911]
[0.26989834, 178.64332976, 0.72505469]
[0.00604244, 178.64441297, 0.17854626]
[0.40853719, 178.64465000, 0.21457190]
[0.35330979, 178.64974461, 0.62424721]
[0.24634969, 178.64900050, 0.31966108]
[0.02754400, 178.64592442, 0.68078463]
[0.12741090, 178.64584735, 0.60339576]
[0.06079338, 178.64415093, 0.59462567]
[-0.15668466, 178.64746991, 0.75570368]
[0.00797149, 178.64574755, 0.43293321]
[0.23540246, 178.64555237, 0.43154837]
[0.26432108, 178.64241102, 0.38254173]
[-0.02928440, 178.63773226, 0.45174183]
[0.14122778, 178.63302859, 0.10222300]
[-0.26987712, 178.63414305, 0.68443044]
[-0.01931621, 178.63513559, 0.62125961]
[0.09764442, 178.63484283, 0.46248231]
[0.09585762, 178.63201811, -0.01070230]
[0.02830257, 178.63209516, 0.82207408]
[0.17173818, 178.62933681, 0.10515986]
[0.40100583, 178.62755518, 0.17963528]
[0.38363870, 178.62829047, 0.15527802]
[0.08812298, 178.63454110, 0.75827189]
[0.11493312, 178.62893941, 0.26261596]
