55 57 55 55 57 55 57 57 
55 53 53 55 55 57 57 55 
55 55 55 55 55 55 57 57 
57 55 57 57 55 57 55 57 
57 57 57 57 57 57 57 59 
57 57 57 57 57 57 57 57 
57 59 59 57 57 57 59 59 
59 57 59 59 57 57 59 59 
Standard Deviation = 1.438519
Mean = 56.656250
Threshold Value = 64.999658
66 64 64 64 64 64 62 64 
64 64 64 64 64 64 62 62 
62 62 62 62 62 62 60 59 
62 64 62 62 62 62 60 60 
66 64 64 64 62 60 60 59 
66 66 66 66 62 62 62 60 
68 66 66 64 62 62 62 60 
66 66 66 64 66 64 62 62 
Standard Deviation = 2.050152
Mean = 63.125000
Threshold Value = 75.015884
66 62 64 65 66 69 73 68 
60 62 64 68 68 68 68 68 
59 59 60 66 66 68 68 66 
59 60 62 66 68 66 66 66 
59 60 62 66 69 68 66 66 
59 62 62 64 69 69 68 68 
60 62 64 64 66 68 66 66 
62 62 64 64 64 64 64 66 
Standard Deviation = 3.197556
Mean = 64.796875
Threshold Value = 83.342701
55 57 59 59 57 57 57 57 
57 57 59 59 57 57 55 55 
57 59 57 57 55 57 57 55 
57 57 59 55 55 57 57 59 
55 55 57 57 55 57 57 57 
57 57 57 57 57 57 57 57 
59 57 57 57 57 55 57 55 
57 55 57 57 57 57 57 57 
Standard Deviation = 1.134939
Mean = 56.843750
Threshold Value = 63.426395
60 60 59 57 60 64 64 64 
60 60 60 59 60 62 64 64 
60 62 62 62 62 64 64 64 
60 60 60 62 62 62 62 64 
66 62 62 62 62 62 62 62 
64 62 60 62 62 62 62 62 
62 62 62 62 62 64 64 64 
64 62 64 64 64 68 64 62 
Standard Deviation = 1.824783
Mean = 62.171875
Threshold Value = 72.755618
32 32 32 32 32 32 -10046 32 
32 32 32 32 32 32 2861 32 
32 32 32 32 32 32 -2736 32 
32 32 32 32 32 32 968 32 
32 32 32 32 32 32 32 32 
32 32 32 32 32 32 32 32 
32 32 32 32 32 32 32 32 
32 32 32 32 32 32 32 165 
Standard Deviation = 1351.352862
Mean = -107.812500
Threshold Value = 7730.034102
32 32 32 32 32 32 1500 32 
32 32 32 32 32 32 -8492 32 
32 32 32 32 32 32 4913 32 
32 32 32 32 32 32 3027 32 
32 32 32 32 32 32 32 32 
32 32 32 32 32 32 32 32 
32 32 32 32 32 32 32 32 
32 32 32 32 32 32 32 181 
Standard Deviation = 1296.722526
Mean = 47.140625
Threshold Value = 7568.131273
32 32 32 32 32 32 1248 32 
32 32 32 32 32 32 1349 32 
32 32 32 32 32 32 -13790 32 
32 32 32 32 32 32 8358 32 
32 32 32 32 32 32 32 32 
32 32 32 32 32 32 32 32 
32 32 32 32 32 32 32 32 
32 32 32 32 32 32 32 190 
Standard Deviation = 2029.028135
Mean = -11.828125
Threshold Value = 11756.535059
32 32 32 32 32 32 5302 32 
32 32 32 32 32 32 4641 32 
32 32 32 32 32 32 4872 32 
32 32 32 32 32 32 -6403 32 
32 32 32 32 32 32 32 32 
32 32 32 32 32 32 32 32 
32 32 32 32 32 32 32 32 
32 32 32 32 32 32 32 174 
Standard Deviation = 1327.364838
Mean = 163.656250
Threshold Value = 7862.372310
32 32 32 32 32 32 8423 32 
32 32 32 32 32 32 -13655 32 
32 32 32 32 32 32 -6338 32 
32 32 32 32 32 32 957 32 
32 32 32 32 32 32 32 32 
32 32 32 32 32 32 32 32 
32 32 32 32 32 32 32 32 
32 32 32 32 32 32 32 170 
Standard Deviation = 2155.798141
Mean = -133.671875
Threshold Value = 12369.957345
55 57 55 57 57 55 55 55 
55 55 55 55 55 55 55 55 
57 55 55 55 55 55 57 55 
55 57 55 57 55 55 55 57 
59 57 57 57 57 57 57 57 
59 55 57 57 57 57 57 57 
57 57 57 59 57 59 57 57 
59 57 59 59 57 59 59 59 
Standard Deviation = 1.402773
Mean = 56.531250
Threshold Value = 64.667336
64 64 64 64 64 64 64 66 
64 64 64 64 64 64 62 62 
64 64 62 64 62 62 62 60 
62 64 62 64 62 62 62 60 
66 64 64 64 62 60 60 60 
68 66 66 66 64 64 62 60 
68 68 66 66 64 64 64 62 
68 68 68 66 66 64 64 64 
Standard Deviation = 2.100735
Mean = 63.843750
Threshold Value = 76.028011
66 64 64 64 68 69 73 66 
62 64 64 68 68 68 68 68 
60 59 60 66 68 68 66 66 
59 60 64 66 68 66 66 66 
59 59 62 66 68 68 64 66 
60 62 60 64 69 69 68 68 
62 62 64 64 66 68 66 68 
62 62 62 64 65 64 66 66 
Standard Deviation = 3.098915
Mean = 64.921875
Threshold Value = 82.895579
57 57 59 59 59 57 57 57 
57 57 57 57 57 55 55 55 
57 57 57 57 55 57 57 57 
59 57 57 55 57 57 57 57 
55 57 57 55 55 57 57 57 
57 57 57 57 57 57 59 57 
59 57 57 55 55 57 55 57 
55 57 55 57 57 55 57 57 
Standard Deviation = 1.089725
Mean = 56.750000
Threshold Value = 63.070403
60 59 59 59 60 64 62 64 
60 60 59 59 60 64 64 64 
60 60 60 60 62 64 64 64 
60 60 62 60 62 64 62 64 
66 60 62 62 64 62 62 64 
62 62 62 62 62 62 62 62 
62 62 62 62 62 64 64 62 
62 62 62 62 62 68 64 62 
Standard Deviation = 1.807036
Mean = 61.984375
Threshold Value = 72.465187
32 32 32 32 32 32 1070 32 
32 32 32 32 32 32 -1600 32 
32 32 32 32 32 32 6011 32 
32 32 32 32 32 32 1193 32 
32 32 32 32 32 32 32 32 
32 32 32 32 32 32 32 32 
32 32 32 32 32 32 32 32 
32 32 32 32 32 32 32 165 
Standard Deviation = 792.128292
Mean = 136.359375
Threshold Value = 4730.703466
Pixel Location x:2 y:1 value: 6011 
32 32 32 32 32 32 -10307 32 
32 32 32 32 32 32 -4709 32 
32 32 32 32 32 32 1122 32 
32 32 32 32 32 32 8502 32 
32 32 32 32 32 32 32 32 
32 32 32 32 32 32 32 32 
32 32 32 32 32 32 32 32 
32 32 32 32 32 32 32 181 
Standard Deviation = 1776.022851
Mean = -51.921875
Threshold Value = 10249.010658
32 32 32 32 32 32 -6244 32 
32 32 32 32 32 32 2796 32 
32 32 32 32 32 32 -8262 32 
32 32 32 32 32 32 953 32 
32 32 32 32 32 32 32 32 
32 32 32 32 32 32 32 32 
32 32 32 32 32 32 32 32 
32 32 32 32 32 32 32 190 
Standard Deviation = 1339.855212
Mean = -135.609375
Threshold Value = 7635.550852
32 32 32 32 32 32 -11851 32 
32 32 32 32 32 32 1184 32 
32 32 32 32 32 32 10227 32 
32 32 32 32 32 32 13859 32 
32 32 32 32 32 32 32 32 
32 32 32 32 32 32 32 32 
32 32 32 32 32 32 32 32 
32 32 32 32 32 32 32 174 
Standard Deviation = 2606.654496
Mean = 241.890625
Threshold Value = 15360.486700
32 32 32 32 32 32 1212 32 
32 32 32 32 32 32 7847 32 
32 32 32 32 32 32 3403 32 
32 32 32 32 32 32 -1669 32 
32 32 32 32 32 32 32 32 
32 32 32 32 32 32 32 32 
32 32 32 32 32 32 32 32 
32 32 32 32 32 32 32 170 
Standard Deviation = 1081.948462
Mean = 200.796875
Threshold Value = 6476.097954
Pixel Location x:1 y:1 value: 7847 
55 55 55 57 55 55 57 53 
55 55 55 55 55 55 55 57 
55 57 55 53 55 57 55 55 
55 55 57 55 55 55 55 57 
57 57 57 57 55 57 57 57 
57 55 57 57 57 57 57 57 
59 57 59 59 57 57 57 57 
59 57 59 57 59 57 57 59 
Standard Deviation = 1.423848
Mean = 56.312500
Threshold Value = 64.570820
64 66 64 66 64 64 64 64 
64 64 64 66 66 64 62 62 
64 64 64 64 64 62 62 62 
64 64 64 64 62 62 62 62 
66 66 64 66 64 62 62 60 
66 68 66 66 64 62 62 62 
68 68 66 64 64 66 64 62 
68 68 66 66 66 64 64 64 
Standard Deviation = 1.820027
Mean = 64.250000
Threshold Value = 74.806159
66 64 64 64 68 69 71 66 
60 64 64 68 68 68 68 68 
59 60 62 66 66 66 66 66 
59 60 64 66 68 66 66 64 
59 59 62 66 69 68 66 66 
59 60 62 64 69 69 68 68 
60 62 62 64 66 68 66 68 
60 60 62 64 66 64 64 66 
Standard Deviation = 3.161660
Mean = 64.687500
Threshold Value = 83.025128
57 57 59 59 59 57 57 57 
55 57 57 59 57 57 55 57 
57 57 57 57 57 57 57 57 
55 57 57 55 57 57 57 57 
55 57 55 55 55 57 57 57 
57 57 57 57 57 57 57 57 
59 55 57 57 57 55 55 57 
57 57 55 57 59 57 55 57 
Standard Deviation = 1.067543
Mean = 56.781250
Threshold Value = 62.973000
60 60 59 57 59 64 64 64 
60 60 59 60 60 64 66 66 
60 62 60 62 62 64 64 64 
60 60 62 62 62 62 62 64 
66 60 62 62 62 62 62 64 
64 62 60 62 62 62 62 64 
62 62 62 62 62 64 62 64 
62 60 64 62 64 66 64 64 
Standard Deviation = 1.913919
Mean = 62.156250
Threshold Value = 73.256980
32 32 32 32 32 32 -8392 32 
32 32 32 32 32 32 4643 32 
32 32 32 32 32 32 -13711 32 
32 32 32 32 32 32 5486 32 
32 32 32 32 32 32 32 32 
32 32 32 32 32 32 32 32 
32 32 32 32 32 32 32 32 
32 32 32 32 32 32 32 165 
Standard Deviation = 2195.949969
Mean = -155.015625
Threshold Value = 12581.494194
32 32 32 32 32 32 1011 32 
32 32 32 32 32 32 1464 32 
32 32 32 32 32 32 4758 32 
32 32 32 32 32 32 -13255 32 
32 32 32 32 32 32 32 32 
32 32 32 32 32 32 32 32 
32 32 32 32 32 32 32 32 
32 32 32 32 32 32 32 181 
Standard Deviation = 1773.714427
Mean = -61.765625
Threshold Value = 10225.778049
32 32 32 32 32 32 -13243 32 
32 32 32 32 32 32 3639 32 
32 32 32 32 32 32 1011 32 
32 32 32 32 32 32 -13786 32 
32 32 32 32 32 32 32 32 
32 32 32 32 32 32 32 32 
32 32 32 32 32 32 32 32 
32 32 32 32 32 32 32 190 
Standard Deviation = 2415.290686
Mean = -317.203125
Threshold Value = 13691.482856
32 32 32 32 32 32 8330 32 
32 32 32 32 32 32 -4882 32 
32 32 32 32 32 32 10176 32 
32 32 32 32 32 32 -13208 32 
32 32 32 32 32 32 32 32 
32 32 32 32 32 32 32 32 
32 32 32 32 32 32 32 32 
32 32 32 32 32 32 32 174 
Standard Deviation = 2408.383181
Mean = 38.718750
Threshold Value = 14007.341199
32 32 32 32 32 32 -13329 32 
32 32 32 32 32 32 1427 32 
32 32 32 32 32 32 4951 32 
32 32 32 32 32 32 2854 32 
32 32 32 32 32 32 32 32 
32 32 32 32 32 32 32 32 
32 32 32 32 32 32 32 32 
32 32 32 32 32 32 32 170 
Standard Deviation = 1821.660651
Mean = -31.859375
Threshold Value = 10533.772400
55 55 55 55 55 55 57 55 
55 53 53 55 55 55 55 55 
55 57 55 55 55 55 55 55 
57 55 55 55 55 55 55 57 
57 57 57 55 55 55 57 57 
57 57 57 57 55 57 57 55 
57 59 57 57 57 57 57 59 
57 57 59 57 57 57 59 59 
Standard Deviation = 1.367879
Mean = 56.062500
Threshold Value = 63.996200
64 66 66 66 64 64 64 66 
64 64 66 66 64 64 62 62 
64 64 64 64 64 62 62 62 
64 64 64 64 62 62 62 60 
66 66 66 64 62 62 62 60 
68 66 68 68 64 64 62 60 
68 66 66 66 64 64 64 64 
68 68 68 68 66 64 64 64 
Standard Deviation = 2.057760
Mean = 64.375000
Threshold Value = 76.310006
64 62 64 64 68 69 71 66 
62 62 64 68 68 68 68 68 
60 59 60 66 68 66 68 66 
59 59 64 66 68 66 66 64 
59 59 62 66 69 68 66 66 
59 60 60 64 69 69 68 69 
60 62 62 64 66 68 68 68 
62 62 64 64 64 64 64 66 
Standard Deviation = 3.247445
Mean = 64.718750
Threshold Value = 83.553930
55 57 59 59 57 57 57 57 
55 57 57 59 57 57 55 55 
57 57 57 55 57 57 59 57 
57 57 57 55 57 57 57 57 
55 55 57 55 55 55 55 57 
57 57 57 55 57 57 57 55 
59 57 57 57 55 57 57 57 
57 57 55 57 57 57 55 57 
Standard Deviation = 1.111024
Mean = 56.625000
Threshold Value = 63.068941
59 59 59 57 60 64 64 64 
60 60 59 59 60 64 64 64 
60 60 60 60 62 64 64 64 
60 60 62 60 62 62 64 64 
64 62 62 62 62 60 62 64 
64 62 60 62 62 62 62 62 
62 62 62 62 64 64 64 62 
62 62 62 62 64 66 64 62 
Standard Deviation = 1.827524
Mean = 61.937500
Threshold Value = 72.537139
32 32 32 32 32 32 -9007 32 
32 32 32 32 32 32 2951 32 
32 32 32 32 32 32 -1148 32 
32 32 32 32 32 32 -4113 32 
32 32 32 32 32 32 32 32 
32 32 32 32 32 32 32 32 
32 32 32 32 32 32 32 32 
32 32 32 32 32 32 32 165 
Standard Deviation = 1291.896619
Mean = -144.750000
Threshold Value = 7348.250392
32 32 32 32 32 32 1020 32 
32 32 32 32 32 32 -14009 32 
32 32 32 32 32 32 1256 32 
32 32 32 32 32 32 -1411 32 
32 32 32 32 32 32 32 32 
32 32 32 32 32 32 32 32 
32 32 32 32 32 32 32 32 
32 32 32 32 32 32 32 181 
Standard Deviation = 1763.508669
Mean = -173.046875
Threshold Value = 10055.303406
32 32 32 32 32 32 12592 32 
32 32 32 32 32 32 12104 32 
32 32 32 32 32 32 4643 32 
32 32 32 32 32 32 -13214 32 
32 32 32 32 32 32 32 32 
32 32 32 32 32 32 32 32 
32 32 32 32 32 32 32 32 
32 32 32 32 32 32 32 190 
Standard Deviation = 2784.307897
Mean = 284.421875
Threshold Value = 16433.407675
32 32 32 32 32 32 12016 32 
32 32 32 32 32 32 -10109 32 
32 32 32 32 32 32 1533 32 
32 32 32 32 32 32 957 32 
32 32 32 32 32 32 32 32 
32 32 32 32 32 32 32 32 
32 32 32 32 32 32 32 32 
32 32 32 32 32 32 32 174 
Standard Deviation = 1973.579048
Mean = 100.921875
Threshold Value = 11547.680355
Pixel Location x:0 y:1 value: 12016 
32 32 32 32 32 32 6888 32 
32 32 32 32 32 32 -891 32 
32 32 32 32 32 32 4703 32 
32 32 32 32 32 32 -8262 32 
32 32 32 32 32 32 32 32 
32 32 32 32 32 32 32 32 
32 32 32 32 32 32 32 32 
32 32 32 32 32 32 32 170 
Standard Deviation = 1470.494974
Mean = 70.250000
Threshold Value = 8599.120850
55 55 53 55 55 55 55 55 
55 55 53 55 55 55 55 55 
53 53 53 55 55 55 55 55 
57 55 55 55 55 55 55 57 
57 55 55 57 57 57 55 57 
57 55 57 55 55 57 57 57 
57 57 57 57 55 57 57 57 
57 55 57 57 57 57 59 57 
Standard Deviation = 1.285435
Mean = 55.687500
Threshold Value = 63.143024
66 66 66 66 64 66 64 66 
66 64 66 66 66 64 62 64 
64 64 64 64 64 62 62 60 
64 64 64 64 62 62 62 62 
68 66 66 66 62 62 62 60 
68 68 68 66 64 64 62 62 
69 68 68 66 64 64 64 62 
69 69 68 66 66 64 64 62 
Standard Deviation = 2.224629
Mean = 64.640625
Threshold Value = 77.543474
64 62 64 66 68 68 71 68 
60 64 62 68 68 66 68 66 
59 59 60 66 66 66 66 66 
59 60 64 66 68 64 68 66 
59 60 62 66 69 66 64 66 
60 60 62 64 69 68 68 68 
60 62 64 64 66 68 66 68 
62 62 62 64 66 64 64 66 
Standard Deviation = 3.049678
Mean = 64.609375
Threshold Value = 82.297509
55 57 59 57 59 57 57 57 
57 57 57 57 57 57 57 55 
57 57 57 57 55 57 57 57 
57 57 57 55 57 55 57 59 
55 55 55 55 55 57 55 57 
57 57 57 57 57 57 57 57 
59 57 57 57 57 57 57 57 
55 57 57 57 57 55 55 57 
Standard Deviation = 1.013580
Mean = 56.687500
Threshold Value = 62.566262
59 59 59 57 60 64 64 64 
60 60 59 59 60 64 64 64 
60 60 60 60 62 64 64 64 
60 60 60 60 62 62 64 64 
66 60 62 62 62 62 62 64 
64 62 60 62 62 62 62 62 
62 62 60 62 62 64 64 62 
60 62 62 62 62 68 64 64 
Standard Deviation = 1.988247
Mean = 61.875000
Threshold Value = 73.406831
32 32 32 32 32 32 -1386 32 
32 32 32 32 32 32 953 32 
32 32 32 32 32 32 12020 32 
32 32 32 32 32 32 13616 32 
32 32 32 32 32 32 32 32 
32 32 32 32 32 32 32 32 
32 32 32 32 32 32 32 32 
32 32 32 32 32 32 32 165 
Standard Deviation = 2240.204556
Mean = 425.875000
Threshold Value = 13419.061425
Pixel Location x:3 y:1 value: 13616 
32 32 32 32 32 32 9114 32 
32 32 32 32 32 32 -8780 32 
32 32 32 32 32 32 -13894 32 
32 32 32 32 32 32 -5454 32 
32 32 32 32 32 32 32 32 
32 32 32 32 32 32 32 32 
32 32 32 32 32 32 32 32 
32 32 32 32 32 32 32 181 
Standard Deviation = 2432.043481
Mean = -264.765625
Threshold Value = 13841.086563
32 32 32 32 32 32 1214 32 
32 32 32 32 32 32 -947 32 
32 32 32 32 32 32 2811 32 
32 32 32 32 32 32 10878 32 
32 32 32 32 32 32 32 32 
32 32 32 32 32 32 32 32 
32 32 32 32 32 32 32 32 
32 32 32 32 32 32 32 190 
Standard Deviation = 1395.767642
Mean = 250.531250
Threshold Value = 8345.983576
Pixel Location x:3 y:1 value: 10878 
32 32 32 32 32 32 1090 32 
32 32 32 32 32 32 6972 32 
32 32 32 32 32 32 -1008 32 
32 32 32 32 32 32 953 32 
32 32 32 32 32 32 32 32 
32 32 32 32 32 32 32 32 
32 32 32 32 32 32 32 32 
32 32 32 32 32 32 32 174 
Standard Deviation = 885.893900
Mean = 157.328125
Threshold Value = 5295.512744
Pixel Location x:1 y:1 value: 6972 
32 32 32 32 32 32 2800 32 
32 32 32 32 32 32 953 32 
32 32 32 32 32 32 10515 32 
32 32 32 32 32 32 955 32 
32 32 32 32 32 32 32 32 
32 32 32 32 32 32 32 32 
32 32 32 32 32 32 32 32 
32 32 32 32 32 32 32 170 
Standard Deviation = 1344.250692
Mean = 270.015625
Threshold Value = 8066.669636
Pixel Location x:2 y:1 value: 10515 
55 55 53 55 55 55 55 55 
53 55 55 55 55 55 55 55 
55 55 55 53 55 55 55 55 
55 55 55 55 55 55 55 55 
57 57 57 57 55 55 55 57 
57 57 57 57 55 57 57 57 
57 57 57 57 55 57 57 57 
59 57 57 57 57 57 59 57 
Standard Deviation = 1.260890
Mean = 55.812500
Threshold Value = 63.125662
66 66 66 64 66 66 64 66 
66 66 66 66 64 66 62 64 
64 66 62 66 64 62 62 62 
64 64 64 66 64 62 62 62 
66 66 64 66 64 62 62 62 
68 68 68 68 64 64 62 60 
68 68 68 66 64 64 64 64 
68 68 68 66 66 66 64 64 
Standard Deviation = 2.024990
Mean = 64.843750
Threshold Value = 76.588694
64 64 62 62 64 66 71 66 
60 64 62 64 66 68 68 66 
59 60 60 62 66 66 68 66 
59 59 64 62 66 68 66 66 
59 60 62 64 68 69 68 66 
60 62 60 62 68 68 69 69 
60 60 62 64 66 71 68 68 
62 62 62 62 66 66 64 66 
Standard Deviation = 3.226137
Mean = 64.328125
Threshold Value = 83.039719
55 55 59 59 57 57 57 57 
55 57 57 57 57 55 55 55 
57 57 57 55 55 57 57 57 
55 57 57 55 55 57 57 57 
55 55 55 55 55 55 57 57 
57 57 57 57 55 57 57 57 
57 57 55 57 57 57 55 57 
55 57 55 57 57 55 53 57 
Standard Deviation = 1.138375
Mean = 56.281250
Threshold Value = 62.883827
60 59 59 57 60 64 64 64 
60 59 59 59 60 64 64 64 
60 60 60 60 62 62 64 64 
62 60 60 62 62 62 62 64 
66 62 60 62 62 60 62 62 
66 60 60 62 62 62 62 62 
62 62 62 62 62 62 64 62 
60 60 62 60 62 68 64 62 
Standard Deviation = 1.956310
Mean = 61.718750
Threshold Value = 73.065347
32 32 32 32 32 32 2813 32 
32 32 32 32 32 32 953 32 
32 32 32 32 32 32 6519 32 
32 32 32 32 32 32 1430 32 
32 32 32 32 32 32 32 32 
32 32 32 32 32 32 32 32 
32 32 32 32 32 32 32 32 
32 32 32 32 32 32 32 165 
Standard Deviation = 888.197253
Mean = 215.125000
Threshold Value = 5366.669065
Pixel Location x:2 y:1 value: 6519 
32 32 32 32 32 32 -8550 32 
32 32 32 32 32 32 4697 32 
32 32 32 32 32 32 1414 32 
32 32 32 32 32 32 8330 32 
32 32 32 32 32 32 32 32 
32 32 32 32 32 32 32 32 
32 32 32 32 32 32 32 32 
32 32 32 32 32 32 32 181 
Standard Deviation = 1608.841572
Mean = 124.375000
Threshold Value = 9455.656116
32 32 32 32 32 32 -1431 32 
32 32 32 32 32 32 10425 32 
32 32 32 32 32 32 -5038 32 
32 32 32 32 32 32 4640 32 
32 32 32 32 32 32 32 32 
32 32 32 32 32 32 32 32 
32 32 32 32 32 32 32 32 
32 32 32 32 32 32 32 190 
Standard Deviation = 1561.027921
Mean = 166.781250
Threshold Value = 9220.743193
Pixel Location x:1 y:1 value: 10425 
32 32 32 32 32 32 1049 32 
32 32 32 32 32 32 -3197 32 
32 32 32 32 32 32 10428 32 
32 32 32 32 32 32 13505 32 
32 32 32 32 32 32 32 32 
32 32 32 32 32 32 32 32 
32 32 32 32 32 32 32 32 
32 32 32 32 32 32 32 174 
Standard Deviation = 2142.043764
Mean = 372.609375
Threshold Value = 12796.463208
Pixel Location x:3 y:1 value: 13505 
32 32 32 32 32 32 960 32 
32 32 32 32 32 32 8567 32 
32 32 32 32 32 32 4872 32 
32 32 32 32 32 32 1472 32 
32 32 32 32 32 32 32 32 
32 32 32 32 32 32 32 32 
32 32 32 32 32 32 32 32 
32 32 32 32 32 32 32 170 
Standard Deviation = 1220.175011
Mean = 280.140625
Threshold Value = 7357.155691
Pixel Location x:1 y:1 value: 8567 
55 55 55 55 57 55 55 55 
55 55 53 55 55 55 55 53 
55 55 55 53 55 55 55 55 
55 55 55 55 55 55 55 57 
57 57 57 55 55 55 57 57 
57 55 55 57 55 57 57 55 
57 57 57 57 57 57 57 57 
59 57 59 57 57 57 57 57 
Standard Deviation = 1.260890
Mean = 55.812500
Threshold Value = 63.125662
66 64 64 66 66 64 64 66 
66 64 64 64 66 64 62 64 
62 64 64 64 64 62 62 60 
64 64 64 64 62 62 62 62 
64 66 66 66 62 62 62 60 
66 66 68 66 64 64 62 62 
69 66 66 66 64 64 64 62 
69 68 66 66 66 64 64 64 
Standard Deviation = 1.924097
Mean = 64.281250
Threshold Value = 75.441011
64 64 64 64 64 66 73 66 
60 62 62 62 68 66 68 64 
60 59 60 62 66 64 66 66 
59 59 62 64 66 68 66 66 
59 60 62 64 68 71 68 66 
60 60 60 64 66 68 68 69 
60 62 62 64 68 73 68 68 
60 62 62 64 64 64 64 64 
Standard Deviation = 3.354102
Mean = 64.250000
Threshold Value = 83.703791
55 57 59 59 57 57 57 55 
55 57 57 59 55 55 55 55 
57 57 57 55 55 57 57 55 
57 55 57 55 55 57 57 57 
57 55 55 55 55 55 55 57 
57 57 55 57 55 55 57 57 
59 57 55 57 55 57 55 55 
55 57 55 57 57 55 55 57 
Standard Deviation = 1.210307
Mean = 56.187500
Threshold Value = 63.207282
60 59 59 59 60 64 64 64 
60 60 60 59 60 64 64 64 
60 60 60 60 62 62 62 64 
60 60 60 62 62 62 62 64 
66 60 62 62 62 62 62 62 
64 60 60 62 62 62 62 62 
62 60 62 60 62 62 64 62 
62 60 62 62 62 66 62 62 
Standard Deviation = 1.660372
Mean = 61.656250
Threshold Value = 71.286409
32 32 32 32 32 32 -10163 32 
32 32 32 32 32 32 2796 32 
32 32 32 32 32 32 -11945 32 
32 32 32 32 32 32 960 32 
32 32 32 32 32 32 32 32 
32 32 32 32 32 32 32 32 
32 32 32 32 32 32 32 32 
32 32 32 32 32 32 32 165 
Standard Deviation = 1978.973669
Mean = -254.671875
Threshold Value = 11223.375406
32 32 32 32 32 32 -13774 32 
32 32 32 32 32 32 -13559 32 
32 32 32 32 32 32 8787 32 
32 32 32 32 32 32 2949 32 
32 32 32 32 32 32 32 32 
32 32 32 32 32 32 32 32 
32 32 32 32 32 32 32 32 
32 32 32 32 32 32 32 181 
Standard Deviation = 2671.350381
Mean = -211.375000
Threshold Value = 15282.457211
32 32 32 32 32 32 9932 32 
32 32 32 32 32 32 962 32 
32 32 32 32 32 32 -898 32 
32 32 32 32 32 32 -2786 32 
32 32 32 32 32 32 32 32 
32 32 32 32 32 32 32 32 
32 32 32 32 32 32 32 32 
32 32 32 32 32 32 32 190 
Standard Deviation = 1292.326288
Mean = 145.125000
Threshold Value = 7640.617470
Pixel Location x:0 y:1 value: 9932 
32 32 32 32 32 32 4697 32 
32 32 32 32 32 32 -830 32 
32 32 32 32 32 32 -2036 32 
32 32 32 32 32 32 953 32 
32 32 32 32 32 32 32 32 
32 32 32 32 32 32 32 32 
32 32 32 32 32 32 32 32 
32 32 32 32 32 32 32 174 
Standard Deviation = 655.838835
Mean = 75.718750
Threshold Value = 3879.583991
Pixel Location x:0 y:1 value: 4697 
32 32 32 32 32 32 950 32 
32 32 32 32 32 32 8693 32 
32 32 32 32 32 32 2796 32 
32 32 32 32 32 32 -2804 32 
32 32 32 32 32 32 32 32 
32 32 32 32 32 32 32 32 
32 32 32 32 32 32 32 32 
32 32 32 32 32 32 32 170 
Standard Deviation = 1186.537435
Mean = 182.703125
Threshold Value = 7064.620246
Pixel Location x:1 y:1 value: 8693 
55 55 55 57 55 55 57 55 
53 55 53 55 55 55 55 55 
55 55 55 55 55 55 55 55 
55 55 55 55 55 55 55 57 
57 57 57 57 55 55 57 57 
57 55 57 57 55 57 57 55 
59 59 57 57 57 57 59 57 
57 55 59 57 57 57 57 57 
Standard Deviation = 1.322506
Mean = 55.968750
Threshold Value = 63.639288
68 66 66 64 64 64 64 64 
64 64 64 64 64 64 62 62 
64 64 64 64 62 62 62 60 
64 64 64 64 62 62 62 62 
66 64 66 64 62 62 60 60 
66 66 68 66 64 62 62 62 
68 68 66 64 64 64 62 62 
68 68 68 65 66 64 64 62 
Standard Deviation = 2.034793
Mean = 64.015625
Threshold Value = 75.817422
64 64 64 64 68 68 66 66 
60 64 62 64 68 68 68 68 
59 59 60 64 66 66 68 66 
59 59 62 64 66 68 64 66 
57 59 62 64 68 69 68 66 
59 60 60 62 68 69 69 68 
60 60 62 64 66 69 68 68 
62 62 62 64 64 64 64 66 
Standard Deviation = 3.272421
Mean = 64.296875
Threshold Value = 83.276918
57 57 59 59 57 57 55 55 
55 57 57 57 55 55 55 55 
57 57 57 55 55 57 57 55 
57 57 57 57 55 55 57 57 
55 57 55 55 55 56 55 57 
57 57 57 57 57 57 57 55 
59 55 55 57 55 57 55 55 
55 57 55 57 57 55 55 55 
Standard Deviation = 1.148092
Mean = 56.203125
Threshold Value = 62.862059
59 59 59 57 60 64 62 62 
60 60 59 59 60 64 64 64 
59 60 60 60 62 64 64 64 
60 60 60 62 62 62 62 62 
64 62 62 62 62 60 62 62 
64 62 62 62 62 62 62 62 
62 62 62 62 62 62 64 62 
62 62 62 62 62 68 64 62 
Standard Deviation = 1.761056
Mean = 61.734375
Threshold Value = 71.948500
32 32 32 32 32 32 -4824 32 
32 32 32 32 32 32 3444 32 
32 32 32 32 32 32 -1148 32 
32 32 32 32 32 32 1025 32 
32 32 32 32 32 32 32 32 
32 32 32 32 32 32 32 32 
32 32 32 32 32 32 32 32 
32 32 32 32 32 32 32 165 
Standard Deviation = 766.317854
Mean = 8.593750
Threshold Value = 4453.237305
32 32 32 32 32 32 -4574 32 
32 32 32 32 32 32 -11947 32 
32 32 32 32 32 32 638 32 
32 32 32 32 32 32 -13559 32 
32 32 32 32 32 32 32 32 
32 32 32 32 32 32 32 32 
32 32 32 32 32 32 32 32 
32 32 32 32 32 32 32 181 
Standard Deviation = 2292.281442
Mean = -427.703125
Threshold Value = 12867.529238
32 32 32 32 32 32 -13786 32 
32 32 32 32 32 32 -13088 32 
32 32 32 32 32 32 5106 32 
32 32 32 32 32 32 1414 32 
32 32 32 32 32 32 32 32 
32 32 32 32 32 32 32 32 
32 32 32 32 32 32 32 32 
32 32 32 32 32 32 32 190 
Standard Deviation = 2450.439207
Mean = -285.562500
Threshold Value = 13926.984902
32 32 32 32 32 32 11989 32 
32 32 32 32 32 32 4638 32 
32 32 32 32 32 32 13591 32 
32 32 32 32 32 32 -11900 32 
32 32 32 32 32 32 32 32 
32 32 32 32 32 32 32 32 
32 32 32 32 32 32 32 32 
32 32 32 32 32 32 32 174 
Standard Deviation = 2753.331453
Mean = 318.437500
Threshold Value = 16287.759927
32 32 32 32 32 32 -4604 32 
32 32 32 32 32 32 975 32 
32 32 32 32 32 32 -2948 32 
32 32 32 32 32 32 953 32 
32 32 32 32 32 32 32 32 
32 32 32 32 32 32 32 32 
32 32 32 32 32 32 32 32 
32 32 32 32 32 32 32 170 
Standard Deviation = 703.084465
Mean = -55.718750
Threshold Value = 4022.171146
53 55 55 57 55 55 57 57 
53 53 53 55 55 55 55 55 
55 55 55 55 55 55 55 55 
55 55 55 55 55 55 55 55 
57 55 57 57 55 57 55 57 
55 57 57 57 55 57 57 59 
57 57 57 57 57 57 57 59 
59 57 59 57 57 57 59 57 
Standard Deviation = 1.457403
Mean = 55.968750
Threshold Value = 64.421687
66 66 64 64 64 66 62 64 
66 64 64 66 64 64 62 62 
64 64 64 64 64 62 60 60 
66 64 64 64 62 62 62 60 
66 66 66 66 62 62 62 60 
68 66 66 66 64 64 62 62 
68 68 68 66 64 64 62 62 
68 66 68 66 66 64 64 64 
Standard Deviation = 2.095149
Mean = 64.218750
Threshold Value = 76.370613
66 64 62 62 64 66 69 64 
62 64 62 64 66 68 66 64 
59 60 60 62 64 66 66 64 
59 59 62 62 66 68 66 64 
59 59 62 62 66 69 68 66 
59 60 60 62 66 68 69 68 
60 62 64 64 66 73 69 68 
62 60 64 64 64 64 64 64 
Standard Deviation = 3.109925
Mean = 63.984375
Threshold Value = 82.021938
57 55 59 57 57 57 57 57 
57 57 57 57 55 55 55 55 
57 57 57 55 55 57 57 55 
55 57 57 55 57 55 57 57 
55 55 55 55 55 57 57 57 
57 57 57 57 55 57 57 57 
59 57 57 57 57 55 55 55 
55 55 55 57 57 55 55 57 
Standard Deviation = 1.082081
Mean = 56.281250
Threshold Value = 62.557318
60 59 59 57 60 64 64 64 
62 60 60 59 60 64 64 64 
60 60 60 60 62 64 64 66 
60 60 62 62 62 62 64 64 
66 60 62 62 62 62 62 64 
66 62 60 62 62 62 62 62 
62 62 62 62 62 64 62 62 
62 62 62 64 62 68 64 62 
Standard Deviation = 1.950310
Mean = 62.093750
Threshold Value = 73.405551
32 32 32 32 32 32 -13671 32 
32 32 32 32 32 32 4640 32 
32 32 32 32 32 32 -889 32 
32 32 32 32 32 32 13854 32 
32 32 32 32 32 32 32 32 
32 32 32 32 32 32 32 32 
32 32 32 32 32 32 32 32 
32 32 32 32 32 32 32 165 
Standard Deviation = 2502.114899
Mean = 93.546875
Threshold Value = 14605.813288
32 32 32 32 32 32 -4342 32 
32 32 32 32 32 32 1221 32 
32 32 32 32 32 32 2800 32 
32 32 32 32 32 32 953 32 
32 32 32 32 32 32 32 32 
32 32 32 32 32 32 32 32 
32 32 32 32 32 32 32 32 
32 32 32 32 32 32 32 181 
Standard Deviation = 673.971443
Mean = 42.203125
Threshold Value = 3951.237493
32 32 32 32 32 32 -1048 32 
32 32 32 32 32 32 -1008 32 
32 32 32 32 32 32 1014 32 
32 32 32 32 32 32 2796 32 
32 32 32 32 32 32 32 32 
32 32 32 32 32 32 32 32 
32 32 32 32 32 32 32 32 
32 32 32 32 32 32 32 190 
Standard Deviation = 411.309931
Mean = 59.875000
Threshold Value = 2445.472600
Pixel Location x:3 y:1 value: 2796 
32 32 32 32 32 32 5100 32 
32 32 32 32 32 32 1306 32 
32 32 32 32 32 32 6011 32 
32 32 32 32 32 32 -13703 32 
32 32 32 32 32 32 32 32 
32 32 32 32 32 32 32 32 
32 32 32 32 32 32 32 32 
32 32 32 32 32 32 32 174 
Standard Deviation = 1983.136913
Mean = 12.125000
Threshold Value = 11514.319095
32 32 32 32 32 32 3518 32 
32 32 32 32 32 32 1097 32 
32 32 32 32 32 32 6944 32 
32 32 32 32 32 32 1074 32 
32 32 32 32 32 32 32 32 
32 32 32 32 32 32 32 32 
32 32 32 32 32 32 32 32 
32 32 32 32 32 32 32 170 
Standard Deviation = 965.574536
Mean = 229.546875
Threshold Value = 5829.879186
Pixel Location x:2 y:1 value: 6944 
55 55 53 55 55 55 57 55 
55 55 53 55 55 55 55 55 
55 55 53 53 55 55 55 57 
55 55 55 55 55 55 55 57 
57 57 57 55 55 55 57 57 
57 57 57 57 55 57 57 57 
57 57 57 57 57 57 57 59 
59 57 57 57 57 57 59 57 
Standard Deviation = 1.367879
Mean = 55.937500
Threshold Value = 63.871200
66 66 66 66 64 64 64 64 
64 64 64 64 64 64 62 62 
64 64 62 64 64 62 62 60 
64 64 64 64 62 62 62 62 
66 66 64 64 62 62 62 60 
68 68 66 64 64 64 62 62 
69 68 66 64 64 64 64 62 
69 68 68 66 66 64 64 64 
Standard Deviation = 2.014595
Mean = 64.187500
Threshold Value = 75.872152
66 64 64 62 64 66 71 64 
62 62 62 62 66 66 66 64 
59 60 60 62 64 66 66 66 
59 59 62 62 66 68 66 64 
59 59 62 64 68 69 68 66 
59 60 60 64 68 69 68 69 
60 62 64 64 66 71 68 66 
60 62 62 64 66 64 66 64 
Standard Deviation = 3.119018
Mean = 64.078125
Threshold Value = 82.168428
55 57 59 59 59 57 57 57 
55 57 57 57 55 55 55 55 
57 57 57 55 57 57 57 55 
55 57 57 55 55 57 57 57 
55 55 55 55 55 57 55 57 
57 57 55 55 57 57 57 57 
57 57 57 55 57 57 55 55 
55 57 57 57 57 57 55 57 
Standard Deviation = 1.121087
Mean = 56.343750
Threshold Value = 62.846054
60 59 57 57 59 62 64 64 
60 60 59 59 60 64 64 64 
59 60 60 62 62 62 64 64 
60 60 60 60 62 62 64 64 
66 60 62 62 62 62 62 64 
64 62 60 62 62 62 62 62 
62 62 62 62 62 62 64 62 
62 60 62 62 62 68 64 62 
Standard Deviation = 1.966455
Mean = 61.765625
Threshold Value = 73.171061
32 32 32 32 32 32 -10003 32 
32 32 32 32 32 32 -918 32 
32 32 32 32 32 32 1144 32 
32 32 32 32 32 32 -1048 32 
32 32 32 32 32 32 32 32 
32 32 32 32 32 32 32 32 
32 32 32 32 32 32 32 32 
32 32 32 32 32 32 32 165 
Standard Deviation = 1263.644912
Mean = -137.062500
Threshold Value = 7192.077992
32 32 32 32 32 32 -13441 32 
32 32 32 32 32 32 953 32 
32 32 32 32 32 32 -10084 32 
32 32 32 32 32 32 -10103 32 
32 32 32 32 32 32 32 32 
32 32 32 32 32 32 32 32 
32 32 32 32 32 32 32 32 
32 32 32 32 32 32 32 181 
Standard Deviation = 2406.966351
Mean = -478.218750
Threshold Value = 13482.186086
32 32 32 32 32 32 -13768 32 
32 32 32 32 32 32 -616 32 
32 32 32 32 32 32 -2770 32 
32 32 32 32 32 32 5104 32 
32 32 32 32 32 32 32 32 
32 32 32 32 32 32 32 32 
32 32 32 32 32 32 32 32 
32 32 32 32 32 32 32 190 
Standard Deviation = 1863.312531
Mean = -155.812500
Threshold Value = 10651.400182
32 32 32 32 32 32 991 32 
32 32 32 32 32 32 -13729 32 
32 32 32 32 32 32 2805 32 
32 32 32 32 32 32 1817 32 
32 32 32 32 32 32 32 32 
32 32 32 32 32 32 32 32 
32 32 32 32 32 32 32 32 
32 32 32 32 32 32 32 174 
Standard Deviation = 1768.452084
Mean = -94.593750
Threshold Value = 10162.428336
32 32 32 32 32 32 -889 32 
32 32 32 32 32 32 -8752 32 
32 32 32 32 32 32 4148 32 
32 32 32 32 32 32 3027 32 
32 32 32 32 32 32 32 32 
32 32 32 32 32 32 32 32 
32 32 32 32 32 32 32 32 
32 32 32 32 32 32 32 170 
Standard Deviation = 1273.793381
Mean = -6.375000
Threshold Value = 7381.626611
55 55 55 57 55 55 55 55 
55 55 55 55 55 55 55 55 
55 55 55 53 55 55 55 55 
57 55 55 55 55 55 55 57 
57 57 55 57 57 55 57 57 
57 57 57 57 55 57 57 57 
59 59 59 57 57 57 57 57 
57 55 59 57 57 57 57 57 
Standard Deviation = 1.273222
Mean = 56.062500
Threshold Value = 63.447186
64 66 66 64 64 64 64 64 
64 64 64 66 64 64 62 64 
62 64 62 64 64 62 62 60 
62 64 64 64 62 62 62 62 
64 64 64 64 62 62 62 62 
68 66 66 66 64 62 62 62 
68 66 66 66 64 64 64 62 
68 68 66 66 66 64 64 64 
Standard Deviation = 1.767767
Mean = 64.000000
Threshold Value = 74.253048
66 64 64 64 64 68 73 64 
61 64 62 64 66 66 66 64 
59 59 60 62 66 64 66 64 
59 59 62 62 66 68 66 64 
59 59 62 64 68 69 68 68 
59 60 60 62 68 69 69 69 
60 62 64 64 64 71 69 68 
60 62 62 64 64 64 66 66 
Standard Deviation = 3.317471
Mean = 64.203125
Threshold Value = 83.444458
55 57 59 59 57 57 57 57 
55 57 57 57 57 55 55 55 
55 57 57 57 55 57 57 55 
55 57 57 55 57 57 55 57 
55 55 55 55 55 57 55 57 
57 57 55 57 55 57 57 57 
59 57 57 55 55 57 57 55 
55 55 55 55 57 57 55 57 
Standard Deviation = 1.145644
Mean = 56.250000
Threshold Value = 62.894735
60 59 59 57 59 64 64 64 
60 60 59 59 60 64 64 64 
60 60 60 60 62 64 62 64 
60 60 60 60 62 62 62 66 
66 60 62 62 62 60 62 64 
64 62 60 62 62 62 62 62 
62 62 60 62 62 62 64 62 
62 60 62 62 60 68 64 62 
Standard Deviation = 1.988001
Mean = 61.718750
Threshold Value = 73.249156
32 32 32 32 32 32 1531 32 
32 32 32 32 32 32 -4694 32 
32 32 32 32 32 32 -8307 32 
32 32 32 32 32 32 2825 32 
32 32 32 32 32 32 32 32 
32 32 32 32 32 32 32 32 
32 32 32 32 32 32 32 32 
32 32 32 32 32 32 32 165 
Standard Deviation = 1254.822796
Mean = -103.000000
Threshold Value = 7174.972218
32 32 32 32 32 32 953 32 
32 32 32 32 32 32 3070 32 
32 32 32 32 32 32 8501 32 
32 32 32 32 32 32 5100 32 
32 32 32 32 32 32 32 32 
32 32 32 32 32 32 32 32 
32 32 32 32 32 32 32 32 
32 32 32 32 32 32 32 181 
Standard Deviation = 1266.415274
Mean = 307.703125
Threshold Value = 7652.911714
Pixel Location x:2 y:1 value: 8501 
32 32 32 32 32 32 -11974 32 
32 32 32 32 32 32 13857 32 
32 32 32 32 32 32 13854 32 
32 32 32 32 32 32 -6419 32 
32 32 32 32 32 32 32 32 
32 32 32 32 32 32 32 32 
32 32 32 32 32 32 32 32 
32 32 32 32 32 32 32 190 
Standard Deviation = 2975.413096
Mean = 178.062500
Threshold Value = 17435.458455
32 32 32 32 32 32 1515 32 
32 32 32 32 32 32 9699 32 
32 32 32 32 32 32 8450 32 
32 32 32 32 32 32 -2356 32 
32 32 32 32 32 32 32 32 
32 32 32 32 32 32 32 32 
32 32 32 32 32 32 32 32 
32 32 32 32 32 32 32 174 
Standard Deviation = 1618.000804
Mean = 302.656250
Threshold Value = 9687.060911
Pixel Location x:1 y:1 value: 9699 
32 32 32 32 32 32 10175 32 
32 32 32 32 32 32 953 32 
32 32 32 32 32 32 1536 32 
32 32 32 32 32 32 1133 32 
32 32 32 32 32 32 32 32 
32 32 32 32 32 32 32 32 
32 32 32 32 32 32 32 32 
32 32 32 32 32 32 32 170 
Standard Deviation = 1276.245143
Mean = 247.734375
Threshold Value = 7649.956202
Pixel Location x:0 y:1 value: 10175 
55 55 55 55 55 57 57 55 
55 55 55 55 57 55 57 55 
55 55 55 55 55 57 57 55 
57 55 55 55 55 55 55 55 
59 57 57 57 57 57 57 59 
57 57 57 57 57 57 57 57 
57 57 57 59 55 57 59 59 
59 57 57 59 59 57 59 57 
Standard Deviation = 1.380316
Mean = 56.468750
Threshold Value = 64.474585
66 66 66 66 62 64 64 65 
64 64 64 64 62 62 62 62 
62 62 64 64 64 62 62 60 
64 64 62 62 62 62 62 60 
66 64 64 64 62 60 62 60 
66 66 66 66 62 62 62 60 
68 68 66 64 64 62 62 62 
68 69 66 66 64 64 64 64 
Standard Deviation = 2.100735
Mean = 63.656250
Threshold Value = 75.840511
64 66 64 62 64 68 71 66 
60 64 62 62 66 66 66 64 
59 60 60 62 66 66 66 64 
59 59 62 62 66 69 66 66 
59 60 62 64 68 69 68 68 
59 60 60 64 68 69 69 69 
60 60 62 64 66 71 69 66 
62 62 62 64 64 64 66 66 
Standard Deviation = 3.263157
Mean = 64.234375
Threshold Value = 83.160685
55 57 59 59 57 57 57 55 
57 57 57 57 57 55 55 57 
57 57 57 57 55 55 57 57 
55 57 57 55 55 57 57 59 
55 55 55 55 53 55 57 57 
57 57 57 57 57 55 57 57 
59 57 55 57 57 55 55 55 
55 57 57 57 57 55 55 57 
Standard Deviation = 1.218349
Mean = 56.375000
Threshold Value = 63.441426
59 60 59 57 60 64 64 64 
60 62 59 59 60 64 64 64 
60 60 60 60 62 64 64 64 
60 60 60 60 60 62 64 64 
66 62 60 60 62 60 62 64 
64 62 60 62 62 62 62 62 
60 62 62 62 62 62 62 62 
60 62 62 60 62 66 64 64 
Standard Deviation = 1.884805
Mean = 61.703125
Threshold Value = 72.634995
32 32 32 32 32 32 -297 32 
32 32 32 32 32 32 -940 32 
32 32 32 32 32 32 6720 32 
32 32 32 32 32 32 8844 32 
32 32 32 32 32 32 32 32 
32 32 32 32 32 32 32 32 
32 32 32 32 32 32 32 32 
32 32 32 32 32 32 32 165 
Standard Deviation = 1370.686015
Mean = 255.937500
Threshold Value = 8205.916388
Pixel Location x:3 y:1 value: 8844 
32 32 32 32 32 32 1184 32 
32 32 32 32 32 32 -13669 32 
32 32 32 32 32 32 -11709 32 
32 32 32 32 32 32 -3334 32 
32 32 32 32 32 32 32 32 
32 32 32 32 32 32 32 32 
32 32 32 32 32 32 32 32 
32 32 32 32 32 32 32 181 
Standard Deviation = 2258.405551
Mean = -397.796875
Threshold Value = 12700.955318
32 32 32 32 32 32 1616 32 
32 32 32 32 32 32 3291 32 
32 32 32 32 32 32 -4577 32 
32 32 32 32 32 32 11435 32 
32 32 32 32 32 32 32 32 
32 32 32 32 32 32 32 32 
32 32 32 32 32 32 32 32 
32 32 32 32 32 32 32 190 
Standard Deviation = 1592.230204
Mean = 216.296875
Threshold Value = 9451.232056
Pixel Location x:3 y:1 value: 11435 
32 32 32 32 32 32 8634 32 
32 32 32 32 32 32 5100 32 
32 32 32 32 32 32 -2849 32 
32 32 32 32 32 32 2796 32 
32 32 32 32 32 32 32 32 
32 32 32 32 32 32 32 32 
32 32 32 32 32 32 32 32 
32 32 32 32 32 32 32 174 
Standard Deviation = 1327.053438
Mean = 245.984375
Threshold Value = 7942.894317
Pixel Location x:0 y:1 value: 8634 
32 32 32 32 32 32 3266 32 
32 32 32 32 32 32 -5296 32 
32 32 32 32 32 32 -11824 32 
32 32 32 32 32 32 2796 32 
32 32 32 32 32 32 32 32 
32 32 32 32 32 32 32 32 
32 32 32 32 32 32 32 32 
32 32 32 32 32 32 32 170 
Standard Deviation = 1700.931064
Mean = -140.625000
Threshold Value = 9724.775171
55 57 55 57 55 55 55 57 
55 55 53 55 57 55 55 55 
55 55 55 55 57 55 57 55 
55 55 55 55 55 55 55 57 
57 57 57 57 57 57 57 57 
59 57 57 57 57 57 57 57 
57 59 59 59 55 59 59 59 
60 57 59 57 57 57 59 57 
Standard Deviation = 1.499919
Mean = 56.484375
Threshold Value = 65.183903
66 66 64 64 64 64 64 64 
64 64 64 66 64 62 62 62 
64 64 62 64 64 62 62 60 
64 64 64 64 62 62 60 62 
66 64 64 64 62 62 60 60 
68 66 66 66 64 62 62 60 
68 68 66 64 64 64 62 62 
69 68 66 64 66 64 62 64 
Standard Deviation = 2.058175
Mean = 63.828125
Threshold Value = 75.765540
64 64 64 64 64 66 73 64 
60 64 62 64 66 66 66 64 
59 59 60 62 64 66 66 64 
59 59 62 62 66 68 66 64 
60 59 62 64 68 69 68 68 
59 60 60 62 68 68 69 68 
60 62 62 62 64 71 68 68 
60 62 62 62 62 64 64 66 
Standard Deviation = 3.244587
Mean = 63.937500
Threshold Value = 82.756104
55 55 59 59 57 57 57 55 
55 57 57 57 55 55 55 55 
57 57 57 55 55 57 55 55 
55 57 57 55 55 55 57 57 
55 55 55 55 55 57 55 57 
57 55 55 57 55 57 57 55 
59 55 57 57 57 55 55 55 
55 57 55 57 57 55 55 57 
Standard Deviation = 1.172187
Mean = 56.031250
Threshold Value = 62.829937
60 59 59 57 59 64 63 64 
60 60 59 59 59 64 62 64 
60 59 60 60 62 62 62 64 
60 60 60 60 62 62 62 64 
66 60 60 60 60 60 60 64 
64 62 62 62 60 60 62 60 
60 62 60 62 62 62 62 62 
62 62 62 62 64 66 62 62 
Standard Deviation = 1.831727
Mean = 61.359375
Threshold Value = 71.983393
32 32 32 32 32 32 1466 32 
32 32 32 32 32 32 6477 32 
32 32 32 32 32 32 10171 32 
32 32 32 32 32 32 1421 32 
32 32 32 32 32 32 32 32 
32 32 32 32 32 32 32 32 
32 32 32 32 32 32 32 32 
32 32 32 32 32 32 32 165 
Standard Deviation = 1491.511952
Mean = 337.312500
Threshold Value = 8988.081820
Pixel Location x:2 y:1 value: 10171 
32 32 32 32 32 32 13695 32 
32 32 32 32 32 32 8409 32 
32 32 32 32 32 32 6251 32 
32 32 32 32 32 32 -3233 32 
32 32 32 32 32 32 32 32 
32 32 32 32 32 32 32 32 
32 32 32 32 32 32 32 32 
32 32 32 32 32 32 32 181 
Standard Deviation = 2151.788579
Mean = 424.859375
Threshold Value = 12905.233134
Pixel Location x:0 y:1 value: 13695 
32 32 32 32 32 32 13854 32 
32 32 32 32 32 32 7044 32 
32 32 32 32 32 32 959 32 
32 32 32 32 32 32 -889 32 
32 32 32 32 32 32 32 32 
32 32 32 32 32 32 32 32 
32 32 32 32 32 32 32 32 
32 32 32 32 32 32 32 190 
Standard Deviation = 1916.454447
Mean = 360.093750
Threshold Value = 11475.529543
Pixel Location x:0 y:1 value: 13854 
32 32 32 32 32 32 -913 32 
32 32 32 32 32 32 1425 32 
32 32 32 32 32 32 12336 32 
32 32 32 32 32 32 1475 32 
32 32 32 32 32 32 32 32 
32 32 32 32 32 32 32 32 
32 32 32 32 32 32 32 32 
32 32 32 32 32 32 32 174 
Standard Deviation = 1546.733408
Mean = 256.015625
Threshold Value = 9227.069389
Pixel Location x:2 y:1 value: 12336 
32 32 32 32 32 32 1601 32 
32 32 32 32 32 32 10020 32 
32 32 32 32 32 32 13384 32 
32 32 32 32 32 32 6530 32 
32 32 32 32 32 32 32 32 
32 32 32 32 32 32 32 32 
32 32 32 32 32 32 32 32 
32 32 32 32 32 32 32 170 
Standard Deviation = 2190.863921
Mean = 524.890625
Threshold Value = 13231.901370
Pixel Location x:2 y:1 value: 13384 
55 57 55 55 57 57 57 55 
55 53 55 55 55 55 57 55 
55 55 55 53 55 55 55 55 
55 55 57 55 55 55 55 57 
57 57 57 57 57 55 57 57 
57 55 57 57 57 57 57 57 
57 57 57 57 57 57 57 59 
59 57 59 57 59 57 59 57 
Standard Deviation = 1.346291
Mean = 56.250000
Threshold Value = 64.058489
66 64 66 64 64 64 62 64 
64 64 64 66 62 62 62 62 
64 64 62 64 62 60 62 60 
64 62 62 62 62 62 62 62 
64 64 64 64 62 60 60 62 
66 66 66 64 62 62 62 60 
68 66 66 64 64 64 62 62 
68 68 66 66 64 64 64 64 
Standard Deviation = 1.936492
Mean = 63.500000
Threshold Value = 74.731652
64 64 62 62 64 68 73 64 
60 62 62 62 66 66 68 64 
59 60 60 62 66 64 66 64 
59 59 62 64 66 68 66 64 
59 60 62 66 68 69 68 66 
59 60 60 64 68 68 68 69 
60 62 62 64 66 69 68 68 
62 60 64 62 64 62 64 64 
Standard Deviation = 3.203963
Mean = 63.984375
Threshold Value = 82.567362
56 57 57 59 57 57 57 57 
55 57 57 59 55 55 57 57 
57 55 55 55 55 57 57 55 
57 57 57 55 55 57 57 57 
55 55 55 55 55 57 57 57 
55 55 57 57 55 57 57 57 
59 57 55 55 55 55 55 57 
55 55 55 57 57 55 55 57 
Standard Deviation = 1.148092
Mean = 56.203125
Threshold Value = 62.862059
60 59 59 59 60 64 62 64 
60 60 59 59 62 64 64 64 
60 60 60 60 62 62 62 64 
60 60 62 62 62 62 62 62 
66 60 62 62 62 60 62 62 
64 62 60 62 62 62 62 62 
62 62 62 60 62 62 64 62 
62 62 62 62 62 66 64 60 
Standard Deviation = 1.617093
Mean = 61.703125
Threshold Value = 71.082265
32 32 32 32 32 32 4640 32 
32 32 32 32 32 32 973 32 
32 32 32 32 32 32 969 32 
32 32 32 32 32 32 5219 32 
32 32 32 32 32 32 32 32 
32 32 32 32 32 32 32 32 
32 32 32 32 32 32 32 32 
32 32 32 32 32 32 32 165 
Standard Deviation = 863.694227
Mean = 216.468750
Threshold Value = 5225.895267
32 32 32 32 32 32 -4590 32 
32 32 32 32 32 32 982 32 
32 32 32 32 32 32 -10093 32 
32 32 32 32 32 32 3036 32 
32 32 32 32 32 32 32 32 
32 32 32 32 32 32 32 32 
32 32 32 32 32 32 32 32 
32 32 32 32 32 32 32 181 
Standard Deviation = 1436.450681
Mean = -134.312500
Threshold Value = 8197.101449
32 32 32 32 32 32 -1582 32 
32 32 32 32 32 32 12007 32 
32 32 32 32 32 32 8569 32 
32 32 32 32 32 32 -6880 32 
32 32 32 32 32 32 32 32 
32 32 32 32 32 32 32 32 
32 32 32 32 32 32 32 32 
32 32 32 32 32 32 32 190 
Standard Deviation = 2032.479912
Mean = 221.750000
Threshold Value = 12010.133491
32 32 32 32 32 32 -13766 32 
32 32 32 32 32 32 -2736 32 
32 32 32 32 32 32 1216 32 
32 32 32 32 32 32 -8987 32 
32 32 32 32 32 32 32 32 
32 32 32 32 32 32 32 32 
32 32 32 32 32 32 32 32 
32 32 32 32 32 32 32 174 
Standard Deviation = 2060.095989
Mean = -347.046875
Threshold Value = 11601.509859
32 32 32 32 32 32 1245 32 
32 32 32 32 32 32 6656 32 
32 32 32 32 32 32 8556 32 
32 32 32 32 32 32 1272 32 
32 32 32 32 32 32 32 32 
32 32 32 32 32 32 32 32 
32 32 32 32 32 32 32 32 
32 32 32 32 32 32 32 170 
Standard Deviation = 1338.417986
Mean = 309.171875
Threshold Value = 8071.996193
Pixel Location x:2 y:1 value: 8556 
55 55 53 55 55 55 55 55 
55 55 53 55 55 55 55 55 
55 55 55 55 55 55 55 55 
55 55 55 55 55 55 55 57 
57 57 59 57 57 55 57 57 
57 57 57 57 57 57 57 57 
57 59 57 57 57 57 57 59 
59 57 59 59 57 57 59 57 
Standard Deviation = 1.449340