[-0.52364220, -2.38073979, 0.43782240]
[-0.41200843, -2.38408302, 0.78970831]
[-0.35740268, -2.38002938, 0.43105967]
[-0.51484243, -2.37555634, 0.12560002]
[-0.32750113, -2.37610711, 0.29571501]
[-0.32890745, -2.37657196, 0.45378206]
[-0.17565019, -2.37602822, 0.46372675]
[-0.42328061, -2.37681446, 0.40294768]
[-0.71343225, -2.37882017, 0.54915762]
[-0.02774492, -2.37856395, 0.54729662]
[-0.45148137, -2.37697014, 0.32607103]
[-0.36959815, -2.37721959, 0.39992213]
[-0.25889712, -2.37728469, 0.26185011]
[-0.21134365, -2.37716527, 0.35348453]
[-0.29595085, -2.37688093, 0.60138379]
[-0.49754734, -2.37855352, 0.60514016]
[-0.50715009, -2.37914624, 0.70738904]
[-0.54940681, -2.37909674, 0.43602006]
[-0.07193848, -2.37749686, 0.20941961]
[-0.28620752, -2.37859391, 0.05296785]
[-0.12133121, -2.37904193, 0.61903399]
[-0.15704151, -2.37912898, 0.26501114]
[-0.10462649, -2.38266637, 0.41362822]
[-0.36889971, -2.38204176, 0.37005203]
[-0.46365712, -2.38841162, 0.77143634]
[0.07129005, -2.38774415, 0.56098621]
[-0.36054253, -2.38617959, 0.13211035]
[-0.48749237, -2.38764573, 0.45157851]
[-0.49166537, -2.39136048, 0.73090358]
[-0.40346160, -2.38798395, 0.20756378]
[-0.19236512, -2.38655067, 0.59346983]
[-0.60552872, -2.38617847, 0.32055445]
[-0.43581088, -2.38687392, 0.54814756]
[-0.18977756, -2.38172380, 0.15373763]
[-0.23179210, -2.38491671, 0.63022211]
[-0.24776027, -2.38360972, 0.32787054]
[-0.17668427, -2.38386526, 0.71200889]
[0.01768960, -2.38430850, 0.51792626]
[-0.46182632, -2.38192067, 0.53872158]
[-0.06682042, -2.38171411, 0.71122927]
[-0.36946167, -2.37926269, 0.32624517]
[-0.23148803, -2.38088241, 0.49487902]
[-0.49424269, -2.38589627, 0.81890482]
[-0.55978671, -2.38243822, 0.37090077]
[-0.32220328, -2.38222769, 0.32346154]
[-0.31338314, -2.38839864, 0.54836476]
[0.00002930, -2.38950832, 0.68365617]
[-0.32831230, -2.38598703, 0.10571412]
[-0.39585078, -2.39027112, 0.56217465]
[-0.27076673, -2.39057037, 0.51105075]
[-0.14936811, -2.39159940, 0.42744393]
[-0.54879616, -2.39078859, 0.46254958]
[-0.46135540, -2.38794403, 0.27232553]
[-0.32682941, -2.38821124, 0.10000233]
[-0.41026134, -2.38899414, 0.29898310]
[-0.09314354, -2.39183385, 0.48693277]
[-0.32882026, -2.39388411, 0.32725821]
[-0.41018816, -2.39500459, 0.45248132]
[-0.45311774, -2.39307136, 0.01856072]
[-0.50655962, -2.39504774, 0.20963844]
[-1.98475609, -2.38017782, -0.38628783]
[-1.65103008, -2.36670233, 0.12433196]
[-0.59114198, -2.33765983, 1.00397011]
[-0.66352113, -2.28834026, 1.06998786]
[0.13396629, -2.25962900, 1.23261534]
[-0.13590616, -2.30088212, 0.21676040]
[0.16077362, -2.37131429, 1.09398730]
[0.56566324, -2.55250257, 0.38086534]
[0.41484243, -2.64870189, 0.67470780]
[-0.68100734, -2.68470080, -1.08692965]
[-1.08290530, -2.71934190, 0.48046232]
[0.42059189, -2.74804929, 0.40010802]
[-0.22444121, -2.80630502, 1.24302798]
[-0.40423395, -2.81764356, 0.93566301]
[-0.10230200, -2.83097569, -0.00910373]
[0.26078953, -2.86642040, -0.03906688]
[0.34551310, -2.90728928, -0.66265579]
[0.28348495, -2.98671498, -1.18933197]
[1.68912524, -3.13926973, -1.34612182]
[2.43203873, -3.38400785, -2.26235106]
[-1.17029618, -3.59555351, -1.00754719]
[-1.69408718, -3.79881634, -0.39491788]
[-2.42165930, -3.80175126, -3.02279330]
[-2.21286473, -3.72495203, -5.51039013]
[-0.59165599, -3.73804166, -4.10500848]
[1.65115690, -3.70017266, -3.79247999]
[0.41397605, -3.65371745, -0.85094278]
[-1.00851362, -3.67312916, -2.25728705]
[-0.49121979, -3.64952338, -4.38873337]
[-1.68518527, -3.60865924, -4.13054294]
[0.51096883, -3.54912482, -7.50764647]
[-0.71919556, -3.56048443, -7.28595081]
[0.07824953, -3.57677674, -7.24345714]
[0.67571952, -3.63018362, -8.05099509]
[0.63592130, -3.75331973, -6.77678362]
[0.02094298, -3.98490109, -7.69876947]
[0.30893146, -4.29329543, -7.52503406]
[-1.51120187, -4.58276569, -8.19867959]
[0.78404878, -4.66135602, -13.27611096]
[-1.24100144, -4.75592751, -15.44716527]
[0.20282701, -4.83528122, -13.02661731]
[-0.83322746, -4.87429384, -11.57878265]
[-0.85843451, -4.87221523, -11.27316574]
[1.37119391, -4.83030947, -14.44302058]
[-0.27942055, -4.90345427, -17.59176376]
[0.41527922, -4.96827326, -17.64680402]
[-0.49079454, -5.04657932, -18.85202970]
[-1.07021416, -5.08140450, -20.54771014]
[-0.45403421, -5.13259003, -21.36315091]
[0.59164447, -5.26659336, -21.62852232]
[-0.13236223, -5.38313917, -22.61292647]
[-0.89614829, -5.55783813, -23.53932986]
[-0.54984096, -5.95280877, -21.89785521]
[0.61362924, -6.16413663, -24.00294834]
[0.29885688, -6.29356707, -24.98810140]
[1.66284271, -6.41773670, -26.39025960]
[-0.54972609, -6.57188008, -28.09980577]
[-1.12917124, -6.71479593, -27.83554388]
[0.14091191, -7.03709906, -29.16171759]
[-0.82101260, -7.44913624, -32.63670281]
[-1.05444890, -7.74703044, -32.11588611]
[-0.96122905, -7.91134828, -33.02105372]
[-0.74399241, -8.06508569, -34.05219756]
[-0.46881484, -8.16377619, -33.76772561]
[-1.81075715, -8.23178663, -34.14549917]
[-2.78418850, -8.32282459, -34.29741011]
[-0.52522821, -8.28112802, -38.25288426]
[2.65238819, -8.12196360, -37.55144022]
[-1.01000708, -7.95980051, -37.85882673]
[0.31007587, -7.79703966, -38.05121389]
[0.73167662, -7.55545335, -40.24712127]
[0.46400751, -7.24669814, -40.97075588]
[0.91825028, -7.03398190, -42.11303778]
[0.20022874, -6.96020372, -42.27749040]
[1.08854032, -6.95434797, -46.44491953]
[0.62231517, -6.88002999, -41.77262894]
[-2.37997002, -7.18926190, -42.36949684]
[2.67585214, -7.68544633, -54.04883275]
[2.62126107, -7.43114466, -40.86262264]
[2.22971648, -8.55110899, -56.93734871]
[1.07358125, -8.60454012, -34.95608376]
[5.85466349, -9.98057383, -55.66487283]
[1.53280840, -9.92872536, -56.97226102]
[1.59846120, -9.50785613, -53.79713977]
[-0.06043878, -9.23660912, -56.76076382]
[-0.69031290, -9.10943610, -58.83785746]
[-0.47989614, -9.06405748, -61.33093792]
[0.87529146, -8.92773770, -61.45260871]
[3.32506122, -8.59502499, -58.18139381]
[3.63067162, -8.23682717, -57.91805950]
[-0.06031722, -7.96770362, -60.45531658]
[-4.22584271, -7.70727405, -63.91713579]
[0.12257899, -7.67151669, -62.45895101]
[0.05029147, -7.66833488, -63.40933447]
[-0.00150189, -7.83130834, -64.63990111]
[-0.07050401, -7.86880685, -66.74436646]
[0.12594036, -7.86534405, -67.34107201]
[0.35332223, -7.82888245, -66.23210133]
[-0.75632447, -7.87655130, -65.84665435]
[-0.53683686, -7.96799201, -67.78166626]
[0.05568646, -8.01409534, -72.39411970]
[0.50183668, -7.96035366, -71.52908913]
[0.01111677, -7.94807164, -70.88415828]
[-2.85761344, -8.18220551, -71.52519772]
[-0.65702983, -8.31400336, -70.78013815]
[-0.76258847, -8.23154562, -75.79437097]
[-0.97442765, -8.19201469, -75.74303204]
[-0.54803166, -8.13247189, -76.17840817]
[-0.50104605, -8.05697813, -77.83580419]
[0.25612452, -7.94951342, -75.33102668]
[0.52659738, -7.73749053, -78.23248283]
[-1.24118321, -7.51367425, -79.52056614]
[-0.79643119, -7.47022539, -80.50342600]
[-0.64994047, -7.54881674, -80.38758723]
[0.40799360, -7.66210951, -79.96829528]
[0.59746441, -7.77706416, -80.57658840]
[0.61952649, -7.82712749, -80.85511725]
[0.71844144, -7.78120880, -79.40453136]
[0.24575216, -7.74641304, -81.92937448]
[-0.12620072, -7.69161122, -82.68015690]
[0.32736807, -7.67204569, -82.92503082]
[-0.04593028, -7.62352168, -82.33377734]
[-0.40713984, -7.57164205, -83.25228056]
[-0.60145794, -7.52898122, -84.46988504]
[-0.42239775, -7.50380570, -84.11028463]
[-0.59048662, -7.51663956, -84.04478823]
[0.05285768, -7.54979641, -85.17089818]
[0.50471657, -7.58812269, -84.55838905]
[0.53274778, -7.62806053, -85.51301975]
[0.57388599, -7.59906608, -85.72169410]
[-0.25686942, -7.54653137, -86.27653002]
[-0.32448198, -7.47897808, -86.85009572]
[-0.69132448, -7.44279988, -86.93000946]
[-0.22962595, -7.42893958, -88.63620863]
[-0.52616795, -7.49272907, -87.54392617]
[1.24979005, -7.52435994, -87.91107023]
[0.28738121, -7.54426139, -88.55746289]
[-0.38379975, -7.56479508, -87.64024536]
[0.34539602, -7.57965395, -87.79123905]
[0.03634556, -7.57687235, -87.27880592]
[-0.16518672, -7.57407624, -87.06569181]
[0.06723682, -7.56781534, -87.17221686]
[-0.29900303, -7.56507961, -87.65118420]
[-0.07433905, -7.56315710, -87.30343161]
[-0.22000476, -7.57147668, -87.89222600]
[-0.74687227, -7.63775123, -87.63787331]
[0.75523900, -7.66109965, -86.53221123]
[0.39618046, -7.66681345, -87.13671888]
[-0.23712467, -7.66584793, -88.47739770]
[-1.06419855, -7.66155807, -87.60820322]
[-0.12432525, -7.62635462, -87.42529158]
[4.11417563, -7.85997623, -93.75990882]
[-2.77198709, -7.99951102, -91.44807744]
[-1.55608519, -8.14309395, -90.58409690]
[1.13904230, -8.16297591, -90.18000440]
[0.54065321, -8.16649855, -90.18241069]
[0.18826940, -8.16126787, -89.54224404]
[0.09984848, -8.16039430, -89.28529886]
[-0.46045926, -8.15918914, -89.51710461]
[-0.06067824, -8.16145473, -89.19734480]
[-0.17696070, -8.16164157, -89.28375674]
[-0.14748235, -8.16011556, -89.46346267]
[-0.37941175, -8.16106383, -89.21180979]
[-0.12239344, -8.16120162, -89.03085436]
[0.24704580, -8.16012615, -89.46251549]
[0.79281084, -8.08171454, -87.77726349]
[-0.00725084, -8.10015522, -90.14645115]
[-0.10112537, -8.09888411, -89.51335745]
[-0.28236135, -8.09902336, -89.50707094]
[-0.04311343, -8.10150236, -89.25810100]
[-0.04607198, -8.10304559, -89.37568466]
[0.18770057, -8.10440679, -89.12682811]
[0.14768907, -8.10498995, -88.86951338]
[-0.29764140, -8.10654285, -89.21175819]
[-0.20960206, -8.10709210, -89.61886820]
[-0.32373560, -8.10990570, -89.19735117]
[0.02112709, -8.10920687, -89.33915331]
[-0.26536055, -8.11156866, -89.05849894]
[-0.34373948, -8.11006860, -88.98854423]
[0.08107591, -8.10726997, -90.64504349]
[-0.00514189, -8.10917625, -90.44359272]
[-0.04885359, -8.11648725, -89.11675524]
[-0.15284935, -8.11448482, -89.65527909]
[0.15031002, -8.11320416, -88.99090910]
[-0.20889953, -8.11408018, -89.15283187]
[0.15029976, -8.11509898, -89.17177439]
[-1.47708022, -8.11887441, -88.91179577]
[-1.49181002, -8.13331360, -87.74505911]
[-0.62739133, -8.11317385, -88.42067035]
[1.15693387, -8.09714791, -89.48345081]
[1.61112996, -8.09362675, -89.84413022]
[-0.11453372, -8.11471527, -91.51057363]
[-0.09410940, -8.11612294, -90.62283927]
[-0.27511924, -8.11316116, -91.32226056]
[-0.47682932, -8.11247305, -91.50698670]
[-0.19562216, -8.12000882, -90.34109898]
[-0.32108978, -8.12644209, -88.65748417]
[0.04438273, -8.08716880, -90.22093404]
[0.87021806, -7.86411445, -90.40473227]
[-0.32690086, -7.75697028, -87.56720144]
[0.33183151, -7.59490102, -90.21207282]
[-0.89507047, -7.50226644, -88.52064103]
[0.29302874, -7.39378700, -87.92540220]
[-1.94293552, -7.36155344, -90.07707697]
[-0.12001743, -7.37553090, -88.78266923]
[0.10330881, -7.37478201, -89.32609361]
[-0.35111740, -7.37223692, -89.35085293]
[0.24646570, -7.36789449, -89.23435823]
[-0.07299377, -7.35685666, -88.64480371]
[0.21617408, -7.35704784, -89.20677236]
[-0.39419221, -7.35692936, -89.42522512]
[0.21768253, -7.35704424, -89.69219175]
[-0.19184019, -7.35953580, -88.52375241]
[-0.12365440, -7.35597082, -90.14186390]
[-0.06930626, -7.35652258, -89.04614967]
[0.18171524, -7.35274810, -89.92665485]
[-0.20539384, -7.35745360, -88.78757887]
[-0.11281880, -7.34982426, -89.73050402]
[-0.43319420, -7.35841427, -88.21203097]
[-0.25526364, -7.34176927, -91.42537433]
[-0.10229977, -7.35026580, -88.30783607]
[-0.12063183, -7.34717714, -90.61682497]
[-0.15856953, -7.35099423, -89.18771199]
[0.09105118, -7.35118740, -88.37892652]
[-0.25367151, -7.34674859, -90.75514468]
[0.15118996, -7.34777815, -87.79582553]
[-0.04097907, -7.35053918, -89.88445188]
[-0.31853756, -7.35503017, -89.33980281]
[-0.34217913, -7.35821584, -88.84956733]
[-0.14798959, -7.35710895, -89.35270244]
[-0.20870088, -7.35721359, -89.40505290]
[-0.27090495, -7.35880714, -88.94189700]
[-0.01196985, -7.35251388, -90.19696665]
[-0.12266883, -7.35281730, -89.08294391]
[-0.34240924, -7.34915820, -90.03031915]
[-0.37654777, -7.35193166, -89.33683790]
[-0.05799504, -7.35248697, -89.70489822]
[-0.42943792, -7.35359815, -89.10840360]
[-0.15261407, -7.35083608, -89.71966930]
[-0.54561617, -7.35684130, -88.80375868]
[-0.37607902, -7.35214089, -89.45125377]
[-0.03924325, -7.35504797, -89.06529296]
[-0.25753600, -7.35750694, -89.39573601]
[0.10524427, -7.35789981, -89.66039250]
[-0.04587050, -7.35786670, -89.34656522]
[0.18807664, -7.35615727, -89.57615993]
[0.12154960, -7.35492991, -89.16817672]
[0.28780404, -7.35516944, -88.90458226]
[-0.17799330, -7.35339738, -89.56541163]
[0.16003766, -7.35139615, -88.92835432]
[-0.34742950, -7.35131444, -89.73368748]
[-0.21364553, -7.35573554, -89.01144399]
[-0.45800199, -7.35416281, -89.69041642]
[-0.37671327, -7.35404114, -89.35432203]
[0.07748814, -7.34936946, -89.91623853]
[-0.03822863, -7.34774452, -88.99389472]
[-0.36905384, -7.34692805, -89.71247381]
[0.31956020, -7.34807999, -89.53599838]
[0.18631875, -7.34909400, -89.86084230]
[-0.21273162, -7.34843010, -89.55943177]
[-0.34751469, -7.35232007, -88.45104029]
[0.19217897, -7.35145848, -89.83437419]
[-0.12782837, -7.35199297, -89.44985986]
[-0.36823736, -7.35309763, -89.12264689]
[-0.01366961, -7.35200939, -89.73116998]
[0.01667716, -7.35192609, -89.28683434]
[-0.04172463, -7.35129366, -89.77578719]
[-0.04942890, -7.35102263, -89.09292863]
[0.24642445, -7.35390244, -89.71352536]
[0.73917695, -7.22249217, -89.20637039]
[0.86545854, -7.07042074, -88.46441423]
[0.65001527, -6.97297459, -89.21297721]
[1.20793496, -6.83352143, -92.29745491]
[-0.68774798, -6.63962215, -91.17284500]
[-2.82048940, -6.51091222, -89.77273829]
[-0.94972336, -6.37913773, -89.46249876]
[3.91523378, -5.96877861, -87.30016209]
[0.14521283, -5.75754803, -91.02301853]
[-1.15829590, -5.62813886, -89.77796516]
[-1.87958089, -5.82201362, -87.30887652]
[-0.33791188, -5.89041784, -90.57963197]
[1.21935281, -5.98452700, -89.37126606]
[1.33087052, -6.05217698, -89.57328261]
[-0.30039497, -6.07900844, -88.09832180]
[-0.09547134, -6.12583052, -88.24873417]
[0.09104539, -6.12768211, -88.56791076]
[1.36838169, -6.22691102, -90.40841317]
[-0.07108322, -6.35989928, -90.65173666]
[0.63560521, -6.59376281, -88.84348134]
[0.47925884, -7.09876439, -95.62823982]
[4.59695395, -7.68289735, -96.12322651]
[-3.44040040, -8.31859278, -93.74257964]
[-1.60032246, -9.16357707, -93.76878030]
[2.43976110, -10.05506749, -96.40999611]
[5.28976435, -11.08296019, -95.75622938]
[-0.86288863, -12.56462577, -100.16065391]
[-2.12948820, -13.41880458, -98.41005975]
[-4.11500763, -14.31965230, -96.85395906]
[-2.50703923, -15.44654263, -91.27566913]
[-1.16661205, -15.86856896, -93.88335425]
[-0.20088185, -15.87617769, -94.81544680]
[-0.90265348, -15.04393826, -94.77345422]
[-2.91260661, -13.97520113, -91.50371477]
[-5.45508612, -12.75989365, -92.93785675]
[-6.17319217, -11.85370907, -95.29044406]
[-7.46874677, -11.10505323, -97.54130290]
[-6.17105228, -10.82014315, -95.45953736]
[-7.87646361, -9.66486031, -101.25798054]
[-6.90519519, -8.81662094, -104.42214360]
[-6.41970943, -8.05892529, -106.15748761]
[-6.50849762, -7.25473160, -107.26362303]
[-4.35704705, -6.61140772, -108.60773397]
[-6.89077034, -5.92613731, -113.09640486]
[-5.45795020, -5.35966447, -119.04086165]
[-3.56388489, -5.83799594, -114.24530875]
[-7.25173042, -5.56182757, -118.66313107]
[-6.04923526, -6.21732733, -114.51959945]
[-2.85567976, -6.01392775, -118.19764070]
[-3.51643188, -5.67360514, -126.87999673]
[-6.44460574, -5.99042758, -128.37305206]
[-5.05621330, -6.94065449, -124.70737738]
[-2.23062006, -7.47248769, -120.37832731]
[0.47961216, -7.13991462, -128.43761622]
[-1.16181823, -6.57177884, -136.01728907]
[-2.98674709, -5.98359572, -135.72055222]
[-6.58276967, -5.07564181, -138.14816803]
[-5.83355947, -4.50444334, -141.93511168]
[-5.01645890, -4.44808114, -144.32958454]
[-2.44063979, -4.29724413, -146.42322479]
[-2.04399739, -3.94913493, -151.75984879]
[-1.50454585, -3.66332189, -153.92427554]
[-2.27221659, -3.31597491, -155.13608507]
[-0.76474343, -2.85930673, -156.81699611]
[-2.65082467, -2.36857791, -161.13664872]
[-2.14362981, -2.03458735, -164.50025787]
[-9.38607140, -1.85084884, -168.62777784]
[-5.82473136, -1.96415332, -169.37744873]
[-3.60965049, -2.02503368, -168.47564146]
[-6.03450722, -1.63507281, -172.06689371]
[-6.95122297, -1.34519736, -173.70071213]
[-7.28520717, -1.30902513, -173.38249369]
[-7.59538853, -1.11210283, -176.27109117]
[-7.97953845, -1.27368663, -175.70671561]
[-9.35670363, -1.84928097, -174.08558514]
[-10.67038383, -2.34776628, -172.62038360]
[-9.52770451, -2.66824525, -171.98967442]
[-8.25087701, -2.93780647, -172.17224531]
[-8.29206094, -3.09135743, -173.46610543]
[-6.84431441, -2.93715457, -177.33315572]
[-7.33369313, -3.47704500, -175.73383332]
[-7.29266470, -3.76747972, -175.65260577]
[-5.81891769, -3.58603395, -179.64358534]
[-6.10095454, -3.84560693, -179.02613223]
[-6.26995156, -4.22685921, -177.50739588]
[-7.97357393, -4.51517308, -177.05521084]
[-6.27292927, -4.44113404, -178.86701758]
[-7.12436581, -4.58277436, -177.83425242]
[-6.70042969, -4.39341497, -179.47025249]
[-6.47369590, -4.29190351, -179.94566771]
[-5.81623702, -4.32069096, -179.19710247]
[-6.28132029, -4.29404815, -178.66671610]
[-7.56695147, -4.17712345, -178.71957586]
[-5.88737917, -4.64767344, -174.63615968]
[-6.07130327, -4.15628552, 179.90022346]
[-7.69796835, -4.27082803, -179.85286889]
[-7.91955527, -4.21866925, 179.41247462]
[-5.39820929, -4.18552590, 178.75526663]
[-6.36392059, -4.18360298, 178.94800613]
[-8.02250176, -4.35870578, -179.04630960]
[-6.96879516, -4.35762485, -178.23524524]
[-6.07450947, -4.22122420, -178.04144870]
[-4.33334328, -4.02497028, -177.89879955]
[-5.39492353, -3.79500787, -178.04502896]
[-5.25887957, -3.64274953, -176.93948187]
[-4.13599575, -3.25029695, -179.18126815]
[-5.64278366, -3.27258082, -178.18435951]
[-5.51404879, -3.28541217, -177.93627382]
[-5.78982515, -2.95575304, 178.95018531]
[-7.03302955, -2.72150118, 176.80547085]
[-5.11132462, -2.80681322, 176.49447368]
[-8.20669538, -3.06008150, 177.28356323]
[-5.91315144, -3.37467450, 177.87855935]
[-6.32608080, -3.70888207, 178.95585666]
[-5.94758662, -4.14084008, -178.33965901]
[-4.27059965, -4.32383497, -177.80078806]
[-3.95865632, -4.37606930, -178.46086561]
[-5.42398352, -4.49165037, -178.09501554]
[-3.47061410, -4.58024317, -178.01365826]
[-4.18942133, -4.72046778, -177.40117392]
[-5.79434136, -4.79199284, -178.10357644]
[-5.91974136, -4.79344578, -179.66610109]
[-6.38069812, -5.04910385, -179.03483937]
[-5.89827255, -5.15282768, -179.11252014]
[-6.20534822, -5.35512480, -177.70522713]
[-6.18248567, -5.37098238, -177.65232695]
[-5.49981773, -5.40164211, -177.31343892]
[-5.00789748, -5.36534124, -177.19181239]
[-5.07295764, -5.25949661, -177.66942478]
[-5.56210562, -5.10414315, -178.80553242]
[-6.21005482, -4.99166081, -179.10344897]
[-4.70748297, -4.96177056, -178.67766189]
[-5.58889026, -4.91845011, -178.88501974]
[-5.45394377, -4.80633454, -179.92525349]
[-5.15890408, -4.90504238, -179.04782619]
[-6.29616828, -4.96681719, -179.10904961]
[-6.14228748, -5.10279532, -178.32040019]
[-6.14040384, -5.11631505, -178.39856851]
[-6.33574663, -5.11835747, -178.38589990]
[-5.37596736, -5.07356590, -178.83315321]
[-5.46922893, -5.09350676, -178.60286325]
[-4.97893336, -5.08965333, -178.72765100]
[-5.19872574, -5.09659246, -178.72142243]
[-5.53972728, -5.11335525, -178.39925035]
[-5.62280382, -5.05460678, -178.60145802]
[-6.33133090, -5.08203182, -178.17568354]
[-5.48890733, -4.96304669, -179.27809822]
[-4.63386433, -4.97798507, -179.14120004]
[-5.23994768, -5.00665998, -179.05619750]
[-4.92666323, -5.10031990, -178.25980022]
[-5.26453452, -5.08722608, -178.65216164]
[-5.51425431, -5.12127572, -178.44299889]
[-5.28291571, -5.11469969, -178.58834611]
[-5.00028533, -5.12535914, -178.33276445]
[-5.35328682, -5.10048280, -178.32280955]
[-5.36813892, -5.07288265, -178.37908714]
[-5.63373617, -5.04722742, -178.23090927]
[-5.26219562, -5.05967783, -177.75540232]
[-5.57999238, -4.95119256, -178.56564702]
[-5.21676733, -4.86699132, -178.86651792]
[-4.82698766, -4.76008215, -179.43384805]
[-4.62762127, -4.76331045, -179.04233707]
[-5.03299717, -4.74558746, -179.32475228]
[-5.48045159, -4.76617148, -179.47521811]
[-5.11051001, -4.83903133, -178.95789271]
[-5.38829141, -4.85995899, -178.88468543]
[-4.98904796, -4.92028034, -178.30511721]
[-5.35408587, -4.92812304, -178.15113478]
[-5.21681099, -4.85127940, -178.77502930]
[-5.04470203, -4.83331340, -178.61409846]
[-5.16034072, -4.76620486, -178.88723751]
[-4.69759219, -4.66669831, -179.51465786]
[-5.03251061, -4.66625858, -179.19409757]
[-5.27760012, -4.71332733, -178.70076418]
[-5.40085743, -4.69327519, -178.95645088]
[-5.16688564, -4.70319818, -178.88460609]
[-5.84942382, -4.72243208, -178.63579356]
[-5.68634385, -4.77477759, -178.06021005]
[-4.87607820, -4.63338707, -179.38546451]
[-5.66623636, -4.62493355, -179.18782022]
[-5.17606469, -4.67597851, -178.14845357]
[-4.58319616, -4.57760424, -178.83249851]
[-6.04661513, -4.52681827, -178.94517512]
[-5.47454487, -4.45504349, -179.27286685]
[-6.67591670, -4.41266108, -179.21079840]
[-5.92704312, -4.31243969, -179.71665408]
[-4.72688071, -4.32576551, -179.45097384]
[-5.18790873, -4.34218988, -179.43256907]
[-4.60036589, -4.34821072, -179.48400558]
[-4.39605061, -4.35336166, -179.40373004]
[-4.67275505, -4.38045091, -179.17833809]
[-3.70861801, -4.34376442, -179.78171600]
[-4.14879599, -4.37593944, -179.64514563]
[-3.69805651, -4.37569638, -179.71776338]
[-3.68799642, -4.40713308, -179.88377533]
[-2.95211321, -4.43748412, 179.58483365]
[-2.65583256, -4.43530202, 177.94707567]
[1.65523306, -4.56981648, 176.56760094]
[-3.24826509, -4.59428141, 175.23972037]
[-4.65872739, -4.57517319, 175.21213632]
[-2.02951893, -4.43462922, 174.34774482]
[-1.62622748, -4.35686658, 175.21144916]
[-1.77269102, -4.10230761, 170.28967332]
[-0.37866237, -3.78214805, 168.40068207]
[-0.83884698, -3.66718074, 166.34034323]
[-1.44946148, -3.64366972, 164.84522950]
[-0.95568019, -3.60200558, 163.95489808]
[-0.52366947, -3.46777372, 161.09231520]
[1.11274672, -3.37523375, 160.36318772]
[-0.38904423, -3.37732970, 160.79528821]
[-1.27723068, -3.40437215, 157.30399500]
[-0.07515288, -3.39980146, 155.92614192]
[2.96019849, -3.52595482, 150.55615491]
[2.73664665, -3.81656491, 145.80014325]
[5.82443482, -3.95791616, 146.28293496]
[2.81014134, -4.71783290, 139.08917905]
[1.82418526, -5.03264532, 140.73052603]
[7.47642489, -5.20981338, 139.94266456]
[2.80446941, -4.66872810, 141.73940461]
[0.22981300, -4.50099902, 141.53517418]
[0.09634772, -4.44952506, 137.63323769]
[-0.26070369, -4.31048635, 134.49064758]
[-0.83046675, -4.07314487, 132.29516147]
[0.74014519, -3.76083312, 132.61908744]
[2.61622014, -3.24850150, 131.00336840]
[2.43906990, -2.91074683, 128.58664129]
[4.34358984, -2.62621266, 124.90872575]
[5.49186698, -2.68676974, 122.44826365]
[4.66366612, -2.64864418, 124.28198794]
[4.00165473, -3.29321786, 120.26655718]
[7.97115525, -3.37152868, 123.05206158]
[4.28603625, -3.96830609, 121.91028802]
[6.29150867, -4.51402995, 120.42829088]
[5.06251973, -5.13971520, 117.51142385]
[5.84711769, -5.48261033, 115.98590630]
[4.33810104, -5.47336012, 115.09662499]
[6.23391786, -5.55700391, 112.68546496]
[5.17196657, -6.01019289, 108.49731968]
[4.53318670, -6.15408973, 108.99992661]
[4.76527985, -6.22931213, 109.30253622]
[6.47363636, -6.44994298, 108.17133107]
[8.46591861, -7.24327603, 104.16926581]
[7.99763570, -7.25806435, 106.79763621]
[6.30875767, -6.35909023, 112.93648100]
[7.00847479, -6.51723174, 106.75998076]
[11.79087655, -6.50095489, 104.87508726]
[11.68960831, -6.56764266, 103.53679773]
[10.88792016, -7.00194132, 101.27582007]
[12.49876783, -6.76764483, 103.18149122]
[10.07380486, -7.10032847, 101.91214762]
[9.98420875, -6.76058949, 103.03023827]
[11.96693788, -7.79658348, 98.02321273]
[5.59963517, -7.29420796, 102.14681037]
[9.12535158, -7.83758187, 98.61514977]
[7.17740027, -7.63317084, 100.85911227]
[6.83388901, -7.49977035, 102.00174700]
[8.38381397, -7.70999926, 100.13162159]
[10.20773696, -7.23547410, 102.44209969]
[10.67289113, -7.74542227, 98.61608659]
[10.76161503, -7.02198910, 100.90407866]
[9.34511716, -6.90429232, 96.42339155]
[10.53792695, -5.27246813, 100.61557376]
[10.75181633, -4.95356478, 98.25068192]
[7.64554686, -4.82771827, 94.54557192]
[10.96694609, -3.63010134, 96.92209770]
[10.99891927, -3.42351587, 94.36324341]
[8.96933685, -2.74577913, 94.12040588]
[4.67187681, -2.22038612, 93.14520282]
[4.29573767, -1.67915949, 93.97892949]
[9.21443300, -1.82581579, 89.28533146]
[6.96036013, -0.28345247, 97.89430014]
[2.30729474, -0.50379503, 90.65955959]
[1.26601498, -0.14261770, 90.75922573]
[1.46899756, 0.08491568, 89.08105684]
[3.39741523, 0.28983807, 88.14463620]
[-6.20219724, 0.00176204, 92.36391279]
[0.13069618, -0.21906361, 93.42099611]
[1.05344849, -0.42137307, 91.56757132]
[3.55465026, -0.46400372, 94.09396904]
[-4.64307873, -0.58092517, 93.97368664]
[0.26529281, -0.68396088, 92.99736539]
[1.42058371, -0.90101813, 92.01440141]
[1.53433320, -1.24273398, 88.05493793]
[0.47352638, -1.63687797, 87.66580101]
[-1.12286041, -1.99576720, 87.41458484]
[0.61547870, -2.22338422, 90.71040248]
[0.76222344, -2.43269335, 89.46737614]
[-1.34583400, -2.69000436, 91.20741213]
[0.85623322, -2.74247171, 91.44117435]
[-0.76474270, -2.58565332, 93.56134464]
[-0.11884550, -2.47074325, 92.44141425]
[0.58398640, -2.40831253, 93.65339864]
[-0.68709714, -2.35225971, 91.72852941]
[4.45136084, -2.41298928, 87.32925007]
[-2.56610627, -2.31363583, 88.51491533]
[4.62679382, -2.34603325, 86.71096432]
[0.62910730, -2.21555630, 89.62771046]
[-1.31876598, -2.24474758, 94.90517188]
[0.30701021, -2.21590579, 90.39744240]
[-0.89904747, -2.22046507, 90.80621826]
[0.15431624, -2.21513202, 89.24058194]
[-0.85503731, -2.21196332, 88.64978678]
[0.63563127, -2.21449576, 89.45253100]
[-2.31928503, -2.23980922, 90.87360253]
[1.93290855, -2.23056241, 91.00055766]
[1.21325333, -2.20112552, 91.85225916]
[-0.39412119, -2.21120002, 90.02710036]
[1.58298353, -2.20997075, 89.40184394]
[-1.67307730, -2.21495059, 89.24105422]
[-0.10741911, -2.21828748, 89.66827630]
[-0.08114921, -2.22245535, 90.46096738]
[-0.27450790, -2.22036404, 90.48617762]
[-0.45842249, -2.23204521, 92.01975516]
[0.15726478, -2.23307723, 90.82695621]
[-0.53457238, -2.22893066, 89.86858737]
[-3.50342245, -1.74865096, 85.01472134]
[4.69863757, -1.26180828, 84.36181229]
[1.05248269, -0.24666490, 90.72765468]
[0.54078538, 0.56590370, 95.65111876]
[-1.16963160, 1.43604786, 93.06564097]
[0.79081898, 2.27933880, 90.15946089]
[-0.39092969, 2.98640867, 88.28199481]
[0.43232508, 3.32897823, 90.63374095]
[0.41639165, 3.44081238, 88.21693661]
[0.59810747, 3.54194657, 93.98503486]
[-0.11807130, 3.51860926, 90.41486646]
[-0.10453190, 3.51646487, 90.54456573]
[-0.41530273, 3.51355072, 90.32703932]
[-0.13567020, 3.51395530, 90.20368016]
[0.55930871, 3.51350714, 89.41905568]
[-0.35330748, 3.51040034, 89.97902016]
[-0.32526441, 3.50249373, 91.39725192]
[-0.87832508, 3.48942253, 92.52500084]
[2.46899660, 3.26340978, 93.65985523]
[1.72693207, 2.76413574, 92.70631114]
[0.16453299, 2.10362872, 91.47607812]
[-0.17895545, 1.12300968, 91.05814437]
[-0.19936879, -0.00760599, 90.88981831]
[-1.18240275, -0.83451506, 89.18798448]
[-0.71675572, -1.51068547, 89.63441434]
[-0.69677077, -1.96353053, 89.85203652]
[-0.86593654, -2.25500240, 89.50412537]
[-0.57963276, -2.48841080, 89.85511422]
[-0.01500790, -2.66329172, 91.22885076]
[-0.77327325, -2.80474498, 92.58426632]
[0.21915304, -2.83769572, 90.42426368]
[-0.10980847, -2.83462795, 90.60616006]
[-0.17453294, -2.82914874, 90.36221156]
[-0.42718591, -2.81560156, 91.00288335]
[0.08920269, -2.81357623, 91.03239525]
[0.01836311, -2.80611293, 90.26751717]
[0.22573726, -2.80282082, 90.08276590]
[-0.49125217, -2.79599922, 90.18502606]
[-0.50751406, -2.80447524, 90.75761449]
[-0.10981579, -2.80669549, 90.64122022]
[-1.28888490, -2.78588198, 88.36447257]
[-0.06704504, -2.89604011, 91.17394420]
[-0.25169449, -2.94565490, 90.69382833]
[-0.53924460, -2.95607669, 90.72915401]
[-0.33513388, -2.94848177, 90.07353708]
[0.00968852, -2.94623023, 89.82624200]
[-2.10174793, -2.97028075, 91.89988461]
[-0.02520222, -2.96482299, 91.05441881]
[-1.25317527, -2.96289417, 90.62913531]
[0.54258380, -2.95484409, 89.96339986]
[-1.79208274, -2.96662971, 90.71273861]
[0.82301988, -2.95326984, 89.57799564]
[-0.87021779, -2.95683742, 90.14424011]
[0.37967525, -2.95213177, 90.35305477]
[1.14476977, -2.92428211, 92.34813303]
[0.03940669, -2.94430731, 90.30560141]
[-1.36911028, -2.94845874, 90.59821671]
[-0.05392733, -2.93924261, 89.92809413]
[-0.27948208, -2.94037655, 90.05508603]
[0.34368949, -2.93886092, 89.96568927]
[0.19677489, -2.94009389, 90.29824410]
[-1.51606094, -2.95825818, 91.57059329]
[-0.57983732, -2.96087706, 91.25909101]
[-0.15572421, -2.95895715, 90.96715205]
[0.74642646, -2.95665705, 89.98687461]
[-2.54234031, -2.94634860, 89.17510006]
[1.32107516, -2.95409330, 90.13261833]
[-0.44725537, -2.95351275, 90.89337015]
[-0.64904724, -3.13769599, 91.52485625]
[0.76854999, -3.67021937, 91.19741074]
[-1.77339003, -4.03575891, 86.82625617]
[1.12790873, -4.41811373, 91.34855628]
[-0.21017562, -4.83008149, 92.99810631]
[0.28059756, -5.24269809, 90.14195745]
[0.64524106, -5.65551175, 89.48048864]
[0.29784013, -6.01771219, 91.90387462]
[1.45696123, -6.43115201, 91.37940467]
[-1.47384829, -7.02143909, 88.60864912]
[-4.80525065, -7.36323130, 90.64584933]
[0.28118571, -7.50803061, 89.70525801]
[-0.64638978, -7.50028593, 89.93437272]
[1.80275077, -7.44066691, 91.45307496]
[1.39183536, -7.42730061, 89.16919254]
[-1.42706940, -7.33987710, 88.46239649]
[-1.23855299, -7.25297112, 90.02940623]
[0.61131935, -7.06763693, 87.49684450]
[0.96692258, -6.98539770, 86.27402231]
[-0.59904338, -6.86646066, 91.19436934]
[2.49932455, -6.65778397, 87.09660773]
[1.32739389, -6.32395463, 86.95061034]
[3.04744830, -5.72682162, 86.38370152]
[3.94560004, -5.23073416, 83.93183465]
[3.50690346, -4.63255417, 83.62671851]
[4.69714356, -4.31914222, 80.60363680]
[9.18575291, -4.05130659, 80.22304357]
[6.25169436, -5.89533558, 71.34231488]
[5.70641127, -6.33889893, 79.28231845]
[-0.06190358, -7.35018536, 84.99138961]
[1.54059331, -8.05559102, 88.36348041]
[2.58169974, -8.73295618, 81.73851044]
[3.55666906, -8.77103478, 84.99303975]
[4.16566391, -9.09313389, 79.49458339]
[5.13548486, -8.78470866, 81.06835249]
[6.47666611, -8.79990625, 80.66124055]
[3.57753820, -8.97235514, 79.50089228]
[3.83903187, -8.92457970, 77.19393045]
[4.10969994, -8.74122034, 76.40183290]
[6.33755756, -8.69518596, 75.42015926]
[3.16769321, -8.63300595, 74.73672700]
[-0.25819903, -8.55302523, 73.69616306]
[1.52673302, -8.43360096, 73.37393171]
[1.39863839, -8.02961318, 73.19823771]
[4.24005829, -7.26409477, 71.54622258]
[2.27909012, -6.42674815, 65.90751437]
[6.05575527, -5.87157633, 62.57284486]
[5.94961047, -5.35968109, 61.27448046]
[5.46349664, -4.83773955, 61.27651162]
[4.64453879, -4.89536465, 55.94961893]
[4.93906620, -4.84852808, 52.93444093]
[6.37872067, -5.01533688, 49.12392587]
[7.70929557, -5.00150723, 47.69249249]
[7.75937352, -5.46708623, 43.39753400]
[8.74124077, -6.08179227, 40.31719152]
[4.59632205, -6.52874692, 39.52833195]
[4.45567466, -6.78172258, 41.58870899]
[3.38281109, -7.15606862, 42.08932161]
[3.69058430, -7.66793250, 39.83255414]
[4.05270644, -8.21957479, 37.81905377]
[4.10037998, -8.66617783, 38.56958984]
[3.13706192, -9.03831496, 36.21467817]
[3.16742946, -9.25617234, 32.42943411]
[4.23166626, -9.39365991, 30.46721349]
[5.06400074, -9.73977517, 26.34421522]
[5.05631455, -9.94981518, 23.22308626]
[4.76656108, -9.80339610, 23.46011729]
[4.77077781, -9.61567081, 24.33778864]
[4.62309198, -9.57619876, 23.33407969]
[3.00347025, -9.45285247, 21.02515979]
[-0.94668257, -9.05740492, 22.30317802]
[2.38800201, -8.75961810, 14.92841890]
[2.92515816, -8.37361176, 15.78307055]
[4.30455895, -8.10787635, 16.91999891]
[4.25199494, -8.22135587, 13.20856094]
[4.11524426, -8.20533500, 11.21963009]
[4.12650289, -8.18986027, 9.41551094]
[4.03852157, -8.13716575, 7.60424782]
[2.84624867, -8.23576088, 3.86858226]
[1.70566214, -8.19265203, 4.42195136]
[3.53462484, -8.09903081, 7.63296698]
[3.70521687, -8.13312607, 7.64292115]
[4.56195934, -8.21195794, 6.38080837]
[4.08359716, -8.35329516, 3.52141598]
[3.45107022, -8.29738103, 2.36988893]
[2.07473582, -7.92671494, 4.92598505]
[7.27831168, -7.65257980, 5.66176719]
[10.46006355, -9.06448960, -5.95483837]
[1.44398753, -7.21851847, 8.40236092]
[8.92704810, -6.80326402, 8.85375982]
[5.82237990, -7.43581994, 2.56980460]
[7.08732627, -7.66505374, -1.15731268]
[3.10141763, -7.25305171, -0.08322382]
[6.08204505, -6.64007689, 3.46837379]
[6.39710942, -6.52789812, 1.98179365]
[3.86008437, -6.53251729, 1.24764736]
[5.65664785, -6.49647880, 0.80394287]
[3.32746056, -6.42318758, 2.09243782]
[4.51307726, -6.19165490, 4.13778184]
[0.56817011, -6.18193382, 4.68334300]
[4.71197661, -6.36707151, 0.43330786]
[5.42868644, -6.30370740, 1.43874586]
[-0.70452502, -6.27241026, 5.38400513]
[1.87642595, -6.44066576, -3.10142412]
[5.16332989, -6.19842965, 1.34821478]
[2.45010570, -6.30917056, -0.88061744]
[3.92083373, -6.15899545, 0.47892506]
[4.00129483, -6.11403351, -2.20710174]
[4.13669749, -5.57040351, 2.38535262]
[3.27394837, -5.47795564, 3.24852569]
[2.91629843, -5.77582512, -0.91437174]
[2.40465405, -5.80336688, 0.22377221]
[4.41338635, -5.87698722, 0.83463690]
[2.45088322, -6.05817434, -0.29971277]
[1.59127757, -6.12400185, -1.19531371]
[1.66537060, -6.05011114, -1.89408675]
[3.38139166, -5.85985878, -0.34797538]
[4.07428319, -5.48822702, 3.14134834]
[2.13053530, -5.48802923, 0.69949640]
[4.25933145, -5.35006655, 2.60700114]
[3.61776000, -5.38701495, 2.76386656]
[2.45608429, -5.61850421, -1.22562269]
[4.06238870, -5.75622191, -5.02566682]
[8.89791320, -5.62830492, -5.87422140]
[1.12465454, -4.97816793, 0.52929849]
[1.80250508, -4.90951228, 1.76478609]
[-0.95143527, -4.90127964, 0.92262831]
[-0.07788254, -4.88177178, 0.77766919]
[0.19711088, -4.86451040, 0.99068832]
[-0.39590234, -4.85059149, -0.06020598]
[0.21465460, -4.84285879, 0.30514051]
[-0.27122529, -4.84071868, 0.20294893]
[0.09768272, -4.84004945, 0.35946549]
[-0.92501850, -4.83007955, -0.44695428]
[0.62056947, -4.83757344, 1.75128579]
[0.00046811, -4.84582042, 0.68125971]
[-0.30559507, -4.84733145, 0.65548005]
[0.20519080, -4.84817657, 0.66618118]
[-0.81847511, -4.85126909, 1.20243413]
[-1.58094975, -4.87211657, 2.14317237]
[-0.12827881, -4.84122539, 0.01876266]
[-0.05301507, -4.84467553, 0.55578823]
[-0.72632416, -4.84131836, 0.28197047]
[-0.68615535, -4.84119695, 0.55440145]
[-0.34925783, -4.83875200, 0.38046368]
[-0.28231753, -4.83826519, 0.47968915]
[-0.03267380, -4.83680689, 0.59936380]
[-0.42089573, -4.83562265, 0.39178055]
[-0.08525726, -4.83626379, 0.59397616]
[-0.45014591, -4.83980315, 0.79092584]
[-0.21443705, -4.84236780, 0.56202786]
[0.01500000, -4.84103127, 0.00431262]
[-1.01803929, -4.84191988, 0.30393983]
[0.05895471, -4.83036543, -1.25469955]
[-0.63953363, -4.83765959, 0.03439388]
[-0.62260507, -4.84265394, 0.40528106]
[-0.00598523, -4.84331355, 0.53002800]
[-0.27310812, -4.84208260, 1.05311826]
[-0.66181405, -4.83237974, -0.09385391]
[-0.19313174, -4.84082683, 0.67685344]
[-0.37223639, -4.83932628, 0.33688059]
[0.19607054, -4.84060521, 0.04452971]
[-0.64291117, -4.84542668, 0.94615706]
[-0.34162686, -4.83973955, 0.24462972]
[-0.60482876, -4.84032553, 0.35710366]
[-0.60611967, -4.84304267, 0.52403324]
[-0.34885311, -4.84052536, 0.20035738]
[-0.14289079, -4.84201891, 0.32293601]
[-0.60985282, -4.84258103, 0.26103192]
[-0.59094648, -4.84938566, 0.92383851]
[-0.56240809, -4.84463194, 0.42625213]
[-0.25183832, -4.84715496, 0.77495210]
[-0.15685448, -4.84404269, 0.25124632]
[-0.34310812, -4.84532744, 0.77578046]
[0.12663526, -4.84948053, 0.69878696]
[-0.23897791, -4.84705567, 0.19301013]
[0.02042381, -4.84689111, 0.65309322]
[-0.44926340, -4.84497790, 0.43561186]
[-0.40343628, -4.84632282, 0.45376767]
[0.11723676, -4.84536260, 0.00959129]
[-0.65120552, -4.84807801, 0.64764167]
[-1.07394898, -4.84110352, 0.13712551]
[-0.41885640, -4.84732037, 0.58585076]
[-0.35252216, -4.84618099, 0.54499648]
[-0.63234214, -4.84566136, 0.51502543]
[-0.69987838, -4.84383982, 0.31276481]
[-0.65666078, -4.84588444, 0.37393705]
[-0.83685614, -4.84097983, 0.17194719]
[-0.45130932, -4.84473404, 0.52228026]
[-0.07132255, -4.84081955, 0.17332899]
[-0.50083025, -4.84051391, 0.12322163]
[-0.42081594, -4.84575955, 0.77058015]
[-0.24466154, -4.84517272, 0.53125691]
[-0.20180869, -4.84693996, 0.48233459]
[-0.26868471, -4.84603286, 0.01122741]
[-0.38720571, -4.85021462, 0.52281903]
[-0.24317843, -4.84657660, 0.43387398]
[-0.12668524, -4.84532038, 0.60373846]
[-0.32916678, -4.84572100, 0.40543667]
[-0.18431858, -4.84839757, 0.68909895]
[-0.66719522, -4.84661163, 0.51871325]
[0.02290812, -4.84662257, 0.42756888]
[-0.15289107, -4.84595679, 0.42731301]
[-0.21997726, -4.84640757, 0.37960012]
[-0.80559901, -4.84840605, 0.57216640]
[-0.11429766, -4.84990152, 0.54765056]
[-0.30080906, -4.85310079, 0.29348425]
[-0.12670175, -4.85632675, 0.40534507]
[-0.21954926, -4.85651570, 0.31536736]
[-0.08965522, -4.85657921, 0.42783726]
[-0.22323528, -4.85773617, 0.56951384]
[-0.15637570, -4.85848182, 0.23739603]
[-0.44555853, -4.86020859, 0.35664486]
[-0.16831423, -4.85901999, 0.47132504]
[-0.67268470, -4.85615516, 0.12871818]
[-0.64372563, -4.85859164, 0.50198214]
[-0.31340190, -4.85804050, 0.57585605]
[-0.51390747, -4.85668841, 0.17246581]
[-0.09814287, -4.85681857, 0.12846522]
[-0.05198738, -4.85576902, 0.26879547]
[-0.30863205, -4.85405629, 0.52670528]
[-0.25903521, -4.85522211, 0.43518156]
[-0.60601962, -4.85218570, 0.20111177]
[-0.03657795, -4.85193907, 0.66350641]
[-0.26441946, -4.85250998, 0.14552837]
[-0.39927927, -4.85388661, 0.35281721]
[-0.49732731, -4.85236957, 0.15610035]
[-0.21189491, -4.85353145, 0.40553522]
[-0.43140830, -4.85478339, 0.31939418]
[-0.11204852, -4.85767509, 0.51405195]
[-0.61110562, -4.85815562, 0.14343520]
[-0.62809655, -4.86299211, 0.66844391]
[-0.53781287, -4.85834026, 0.31920671]
[-0.17600065, -4.85700002, 0.18612976]
[-0.30499023, -4.86083543, 0.81234545]
[-0.08845569, -4.86210017, 0.48215984]
[-0.12145932, -4.86226767, 0.63414478]
[-0.37367167, -4.86303052, 0.71124875]
[-0.35605099, -4.86179238, 0.51301338]
[-0.04573522, -4.86088719, 0.39987983]
[-0.78636190, -4.86428081, 0.49121403]
[-0.45929681, -4.86751052, 0.59348533]
[-0.14108579, -4.86749799, 0.49131210]
[-0.27202143, -4.86718581, 0.35121756]
[-0.45798659, -4.86576872, 0.32984701]
[-0.57384329, -4.87040049, 0.65230539]
[-0.36456349, -4.86818229, 0.54269472]
[-0.51803094, -4.86962734, 0.65588164]
[-0.24001916, -4.86897215, 0.68202812]
[-0.32572217, -4.87072678, 0.70153048]
[-0.23647107, -4.86764725, -0.05572318]
[-0.47133434, -4.87038008, 0.19463419]
[-0.01806897, -4.87181752, 0.07652239]
[-0.39337823, -4.87457637, 0.50453417]
[-0.46401717, -4.87823757, 0.77047015]
[-0.08453145, -4.87539085, 0.41725583]
[-0.27185272, -4.87549700, 0.06968359]
[-0.49954187, -4.88109973, 0.58691892]
[0.04587608, -4.88078367, 0.63222001]
[0.03485050, -4.87985531, -0.05373796]
[-0.07975088, -4.88067312, 0.30668576]
[-0.15916974, -4.88198729, 0.38280683]
[-0.45841970, -4.88517181, 0.72054701]
[-0.20726463, -4.88325954, 0.37299577]
[-0.73541430, -4.87976862, 0.12815476]
[-0.47149409, -4.88430389, 0.72516834]
[-0.42442289, -4.88247156, 0.42453881]
[-0.30973008, -4.88456384, 0.60304384]
[-0.23835498, -4.88434512, 0.25922703]
[-0.10070768, -4.88421671, 0.32822975]
[-0.30187059, -4.88382000, 0.69445535]
[-0.35081513, -4.88153196, 0.25020125]
[-0.41307929, -4.88121870, 0.29381320]
[-0.09591704, -4.88142474, 0.45802977]
[-0.52471030, -4.88255746, 0.37413867]
[-0.23495461, -4.88135285, 0.40204331]
[-0.10540720, -4.88168152, 0.38310462]
[-0.22380228, -4.88341781, 0.68620956]
[-0.58394816, -4.88148971, 0.31137150]
[-0.29554594, -4.88299359, 0.29632565]
[-0.48141953, -4.88492274, 0.31677587]
[-0.27139941, -4.88450554, 0.66875985]
[-0.35867092, -4.88407906, 0.62573984]
[-0.34176993, -4.88648945, 0.88653842]
[-0.63608684, -4.87939763, 0.13372983]
[-0.37755047, -4.88122438, 0.37708221]
[-0.29491555, -4.88157492, 0.45970415]
[-0.37992428, -4.88174317, 0.36940767]
[-0.06035829, -4.87785886, -0.20281965]
