[-0.29601105, 0.88421177, 0.37359859]
[-0.01865337, 0.88445327, 0.12753314]
[-0.19020949, 0.88263306, 0.34594069]
[-0.26863067, 0.88234942, 0.27071297]
[-0.36794895, 0.88079792, 0.45114313]
[0.11376278, 0.88001756, 0.59002876]
[-0.05387523, 0.88001664, 0.29250957]
[-0.34268255, 0.88053201, 0.34393102]
[-0.21633452, 0.88025938, 0.35427685]
[-0.40737865, 0.87957021, 0.27267319]
[-0.05266614, 0.88287751, 0.21441857]
[-0.10192764, 0.88256949, 0.49208323]
[-0.32313159, 0.88247530, 0.47975230]
[-0.26754207, 0.88141703, 0.20938334]
[-0.41127867, 0.87725233, 0.46302982]
[-0.29452285, 0.87705689, 0.71086044]
[-0.67205589, 0.87909797, 0.62795921]
[-0.38339761, 0.87912999, 0.62440515]
[-0.24776847, 0.87900229, 0.59480173]
[-0.31303937, 0.88076122, 0.32225827]
[-0.16406237, 0.88044059, 0.52156746]
[-0.19246849, 0.87970918, 0.56378175]
[-0.49751840, 0.88085794, 0.38445815]
[-0.40588966, 0.87740490, 0.68577643]
[-0.38361581, 0.87476003, 0.34438521]
[-0.56947134, 0.87834096, 0.15199934]
[-0.67999760, 0.87677615, 0.37790029]
[-0.36882005, 0.87488251, 0.71179442]
[-0.35503913, 0.87781450, 0.07232988]
[-0.42263142, 0.87609852, 0.23783561]
[-0.43341332, 0.87697277, 0.20889453]
[-0.32246152, 0.87799848, 0.49155625]
[-0.55088611, 0.88059934, 0.13715554]
[-0.34211732, 0.87621293, 0.53681710]
[-0.45075750, 0.87602758, 0.43783753]
[-0.35081963, 0.87805206, 0.15313757]
[-0.45304407, 0.87578013, 0.57436873]
[-0.28531015, 0.87500612, 0.49106102]
[-0.23179802, 0.87243155, 0.50986116]
[-0.02161605, 0.87245897, 0.24548403]
[-0.30346052, 0.87095890, 0.21855737]
[-0.21121343, 0.87097326, -0.03656975]
[-0.50552572, 0.87157176, 0.04387077]
[-0.43676902, 0.86411915, 0.57623202]
[-0.27389361, 0.86869655, 0.37255992]
[-0.48602778, 0.86840800, 0.43788633]
[-0.32475333, 0.86665643, 0.54800040]
[-0.43284743, 0.86748802, 0.56874067]
[-0.20394936, 0.86821449, 0.32641932]
[-0.14862912, 0.86927044, 0.28936309]
[-0.42433961, 0.86890731, 0.62962148]
[-0.51644398, 0.87005553, 0.26199648]
[-0.37987034, 0.86480527, 0.51932461]
[-0.72683618, 0.86255574, 0.38052010]
[-0.21838971, 0.85894741, 0.49195530]
[-0.43924923, 0.85920037, 0.71061964]
[-0.30163481, 0.86348793, 0.18102042]
[-0.27408447, 0.86348693, 0.48023903]
[-0.28618253, 0.86489641, 0.21298471]
[-0.52125901, 0.86628938, 0.42708361]
[-0.25860937, 0.86622927, 0.37097598]
[-0.42168486, 0.86735144, 0.42540773]
[0.06232031, 0.86568176, 0.32725097]
[-0.14758359, 0.86682978, 0.52515946]
[-0.10418801, 0.86695674, 0.54919132]
[-0.60281114, 0.86602958, 0.49472584]
[-0.27460109, 0.86410070, 0.79270466]
[-0.20310592, 0.86559807, 0.42540976]
[-0.37569295, 0.86979723, 0.04421348]
[-0.32461502, 0.86846032, 0.52255822]
[-0.21707592, 0.86452331, 0.90548768]
[-0.47689334, 0.86760690, 0.29841995]
[-0.28535738, 0.86668370, 0.37113570]
[-0.42510262, 0.86361853, 0.49241059]
[-0.40740786, 0.86353356, 0.40878783]
[-0.46278563, 0.85934191, 0.93110473]
[-0.07619809, 0.86088894, 0.46397402]
[-0.56101976, 0.85833867, 0.31992302]
[-0.48625348, 0.85920335, -0.00596221]
[-0.32784411, 0.85778062, 0.26820078]
[-0.21412915, 0.85435796, 0.40575935]
[-0.49044189, 0.85613697, 0.09782557]
[-0.47978843, 0.85538028, 0.19086110]
[-0.38532707, 0.85632036, 0.26440073]
[-0.17609787, 0.85678396, 0.30211740]
[-0.05686826, 0.85667969, 0.85523064]
[-0.17532192, 0.85590254, 0.69936725]
[-0.59788138, 0.85492692, 0.57531334]
[-0.43931462, 0.85818478, 0.16259354]
[-0.24231233, 0.85328961, 0.76054296]
[-0.49163139, 0.85250212, 0.71054605]
[-0.06491768, 0.85247968, 0.96604576]
[-0.07647886, 0.85210639, 0.24416784]
[-0.22018001, 0.84801367, 0.64798399]
[-0.21895393, 0.84817506, 0.12792688]
[-0.26992755, 0.84587845, 0.76537602]
[-0.19284532, 0.84603116, 0.57352876]
[-0.37676814, 0.84930975, 0.01796876]
[0.09966087, 0.85034858, 0.29247765]
[-0.09412680, 0.85020938, 0.26232198]
[-0.76190626, 0.84725118, 0.47808695]
[-0.60511961, 0.84566190, 0.64711323]
[-0.25862006, 0.84632225, 0.62781549]
[-0.60483848, 0.84698419, 0.45481690]
[-0.24175836, 0.84750085, 0.66237054]
[-0.12202249, 0.84825492, 0.74064701]
[-0.30276282, 0.84796113, 0.38326510]
[-0.50854046, 0.84603987, 0.74142548]
[-0.10944951, 0.84656262, 0.20702452]
[-0.38541278, 0.84584908, 0.21611653]
[-0.24668178, 0.84636277, 0.40826104]
[-0.29488588, 0.84752855, 0.20714099]
[-0.35449545, 0.84363413, 0.59643221]
[-0.05416584, 0.84492687, 0.35543043]
[-0.21302571, 0.84443776, 0.60520035]
[-0.38299422, 0.84455714, 0.51889480]
[-0.13095660, 0.84682311, 0.23640465]
[-0.42627223, 0.84420620, 0.65657263]
[-0.27616433, 0.84374529, 0.56339886]
[-0.46933239, 0.84095535, 0.76941321]
[-0.10148328, 0.84140433, 0.62852262]
[-0.56342982, 0.84511279, 0.27196597]
[0.00149282, 0.84648180, 0.30357150]
[-0.28644626, 0.84278754, 0.42467324]
[-0.68930229, 0.83797958, 0.79636727]
[-0.35074689, 0.84325087, 0.57788691]
[-0.28527185, 0.84189210, 0.82345289]
[-0.51792670, 0.84305617, 0.73635273]
[3.68471911, 0.79064392, -4.64898522]
[-0.33934978, 1.07849807, 2.27923489]
[-1.01539743, 1.13097130, 0.96935215]
[-0.35369417, 1.15866932, 0.56486278]
[0.07168594, 1.21459356, 0.24852382]
[-0.20490316, 1.29648652, 1.20632742]
[-2.95871998, 1.38865069, -2.03878233]
[-0.35621935, 1.32177661, 0.26417950]
[0.08212516, 1.32174113, 0.15412018]
[-0.45033331, 1.32233342, 0.32971936]
[-0.19349519, 1.32105034, 0.79734468]
[-0.07447399, 1.32017624, 0.52101725]
[-0.65972778, 1.32290232, 0.05282692]
[-0.42590056, 1.31622073, 0.44066599]
[0.10156878, 1.32090266, -0.05743539]
[-0.39760032, 1.31686691, 0.23691326]
[-0.17605907, 1.31814137, 0.31658674]
[-0.41152802, 1.32083523, 0.27222989]
[-0.61801065, 1.32342035, 0.13354874]
[0.03449063, 1.32365655, 0.31900311]
[-0.25884388, 1.32576078, 0.18817161]
[-0.25978189, 1.32566809, 0.29382050]
[-0.21343476, 1.32774124, 0.29152343]
[-0.62346184, 1.32809160, 0.40650756]
[-0.02834555, 1.32958999, 0.49037320]
[-0.50692828, 1.32942945, 0.41225315]
[-0.13026880, 1.33064110, 0.29832184]
[-0.18599762, 1.32856820, 0.65708811]
[-0.46674482, 1.33046622, 0.42746225]
[-0.56131809, 1.33045104, 0.53723311]
[-0.47863196, 1.33484667, 0.18463573]
[0.03542054, 1.33320259, 0.34869914]
[0.12715136, 1.33235607, 0.15143565]
[-0.23135772, 1.33399511, 0.24528649]
[-0.25831245, 1.33239026, 0.64463395]
[-0.34027012, 1.33336581, 0.51250115]
[-0.32799805, 1.33170997, 0.26970242]
[-0.08253841, 1.33341377, 0.18905890]
[1.81989689, 1.38842420, -5.36583186]
[6.49430893, 2.61111197, -2.59469550]
[3.16447610, 4.48321440, -0.06962384]
[-0.73417451, 5.76458910, 1.06352412]
[-2.35026890, 6.61050022, 3.15901822]
[-2.81618584, 7.50552191, 2.15833788]
[-0.75972974, 8.26018223, 4.28344980]
[-1.23672269, 9.12893887, 2.00312704]
[0.56771005, 10.11592923, 0.29609096]
[0.26364554, 11.13757660, -0.59441383]
[-0.19926364, 12.05695806, 2.20727004]
[-0.61824737, 12.82199019, 1.41700734]
[-0.75247214, 13.64599624, 1.66555986]
[0.48114601, 14.30385792, 6.60222438]
[0.52269043, 14.82849362, -3.90233793]
[-3.96236623, 15.49414044, -0.37141282]
[-5.31237782, 16.34949237, 0.35394934]
[0.21243241, 17.19093054, -1.91207988]
[1.97383266, 17.91656694, 0.07486646]
[-2.57401749, 18.73662807, 4.17562118]
[-1.19445709, 19.62780776, 0.45981040]
[0.46523110, 20.47183272, -5.57457283]
[-0.22746612, 21.32720784, -1.05189207]
[1.28962625, 22.48652046, -2.61296454]
[0.87128542, 23.79115819, -0.93991239]
[0.20500802, 25.11153194, 1.11613312]
[3.37921642, 26.13587580, -0.56817573]
[-0.86353094, 27.07156746, 1.29870492]
[0.22795285, 27.98139697, -2.34507191]
[1.11762213, 29.02238875, -1.65812078]
[3.00454004, 30.27556565, -2.60318998]
[-1.17351352, 32.03356115, 1.67454232]
[-2.02271830, 33.68853385, 0.63812718]
[1.07373432, 35.65833576, -2.58773762]
[-3.53425560, 37.03453384, 3.22611871]
[0.25832139, 38.61786787, -0.96861048]
[0.79974706, 39.70924062, 2.38686914]
[-2.37991786, 40.69913106, 0.46156769]
[2.13698053, 41.98706060, 0.20756637]
[3.91260381, 43.89115994, -0.72131337]
[6.17840593, 45.98269334, 0.59356975]
[-2.17580863, 47.86283589, -1.26105515]
[-4.00074769, 49.10174643, -0.94608060]
[-2.78730095, 49.95286694, 2.29361006]
[-0.79316423, 50.77093081, -0.25916131]
[-2.31761454, 51.32318584, 2.53738734]
[-3.36402020, 52.04388750, 1.24450465]
[-2.57285988, 52.41549802, 5.38305964]
[1.33144769, 53.49026412, -3.04184101]
[-0.53271596, 54.72931921, -1.33500059]
[1.20129495, 55.64708885, -0.45140718]
[-0.86996399, 56.27193935, -0.56879776]
[-1.24570617, 56.86045267, -2.01469233]
[-1.46710181, 57.31982388, 0.37798346]
[0.10665508, 57.76574863, 0.06667416]
[-0.48317198, 58.25371447, 0.00506838]
[0.65268310, 58.74000343, -0.22712098]
[2.93268797, 59.09702100, 0.89457379]
[-0.88184465, 59.35717446, 1.48711570]
[-1.91074706, 59.54894159, 0.93653425]
[-0.75140793, 59.93525798, -1.87654714]
[-4.63181347, 60.45222765, -2.13662217]
[6.12815484, 61.37484377, -4.87401981]
[-1.48291811, 62.75689259, -1.80369291]
[-2.36611615, 64.09531307, -1.58960055]
[1.89212831, 65.51010175, -0.46376292]
[2.97319351, 66.91296457, 0.91386476]
[1.72680734, 67.88228057, 0.24312360]
[-4.51683878, 68.64187759, 1.30428879]
[-5.09156297, 69.38442951, -1.39781707]
[-0.16308891, 69.83746836, -2.17560293]
[-1.68513523, 70.16734923, 0.29162718]
[-2.12116687, 70.52560972, 0.07780451]
[-1.03916493, 70.95718932, -0.67246350]
[-2.73760471, 71.46864097, 0.61523114]
[-0.99284667, 72.39050748, 0.29264965]
[1.07029682, 73.63620994, 0.48888725]
[1.70930930, 75.34400565, -1.23248925]
[-8.76484052, 76.99252962, -1.26212576]
[-0.92555880, 78.22199699, -0.58445818]
[-2.79281715, 79.29802060, 1.86544003]
[-5.92938201, 80.16059033, 3.33058081]
[-0.57358706, 80.91535203, 2.34063010]
[-1.38943163, 81.55360680, 2.06626356]
[-1.78784489, 82.10545630, -1.18999818]
[-1.17127915, 82.45798625, -0.39398488]
[2.21529900, 82.97894909, -5.11305040]
[-2.26704526, 83.65483172, -3.84110012]
[-4.33024420, 84.22208011, -3.71323103]
[-1.97762283, 84.70926578, -0.33940104]
[1.86329368, 85.60346776, -2.96643658]
[0.75949935, 86.73595914, -0.57201640]
[5.00129482, 87.68107600, 6.01542350]
[0.64470440, 87.67434360, 1.36520088]
[-2.47847163, 87.72285204, 0.54127956]
[0.30428574, 87.86530686, -0.99968180]
[-0.62423602, 88.02253712, 0.05833071]
[-0.05866737, 88.19864134, -2.08051979]
[-0.52539892, 88.34629615, 1.28624795]
[-5.62557923, 88.20711228, 3.83901628]
[-0.24800820, 88.39662068, 0.08708250]
[-0.38212904, 88.39405815, -0.12147358]
[-0.54834074, 88.39451993, 0.12720809]
[-0.22956275, 88.39435144, 0.09849586]
[-0.85059996, 88.39312232, -0.09519367]
[-0.48602171, 88.39332688, -0.00135981]
[-0.42303479, 88.40276583, -0.19563038]
[-0.39812277, 88.51436039, -2.72651909]
[-2.94742573, 88.95320641, -1.52132265]
[-4.29525963, 89.86260269, -2.57692130]
[-2.55458331, 90.75121178, 0.58263622]
[-2.65099085, 91.71273358, 2.29095720]
[0.93110717, 92.66814464, -2.75633843]
[2.10414356, 93.23639892, -1.53028210]
[0.61464432, 93.76248753, 0.11305200]
[-0.24535930, 94.27433636, 1.37484823]
[2.75563016, 94.87101783, 0.19266145]
[-0.40167646, 95.38340722, -0.04154431]
[-3.22480229, 95.57581751, 1.42927868]
[1.23797493, 95.63904730, 2.93245795]
[-0.05113754, 95.66332228, -0.95472427]
[-0.44969902, 95.67981408, 2.62489326]
[-0.18342677, 95.69484445, -0.24122957]
[-0.68376252, 95.69767147, -0.28161280]
[-0.59687240, 95.69923165, -0.58494943]
[-0.47961855, 95.70020332, -0.56386082]
[-0.46488700, 95.69521562, 0.10953759]
[-0.79077488, 95.69704690, -0.00291301]
[-0.51355188, 95.69550882, 0.05185173]
[-0.54899352, 95.69871747, -0.14121056]
[-0.25764407, 95.70347050, -0.30849924]
[-0.86628293, 95.69834445, 0.41554672]
[-0.83528038, 95.72471641, -0.41835627]
[-0.66988503, 95.73511172, 0.27228266]
[-0.61988000, 95.73849211, -0.25873381]
[-0.70202871, 95.74180410, -0.47599265]
[-0.59036057, 95.73686885, -0.11358043]
[-0.48931102, 95.73591189, -0.03700725]
[-0.64694309, 95.73582617, -0.08572725]
[-0.82196696, 95.73361748, -0.08480756]
[-0.36768173, 95.73667364, -0.39724564]
[-0.34108234, 95.73490965, -0.14899210]
[-0.35275882, 95.73573000, -0.24929656]
[-0.51029601, 95.73572703, -0.50358649]
[-0.37551970, 95.72975509, -0.00908455]
[-0.51453426, 95.72860047, 0.01635145]
[-0.27189236, 95.72926452, 0.12689986]
[-0.29882750, 95.72847438, 0.24538189]
[-0.60346772, 95.73373651, -0.30615672]
[-0.43086125, 95.72633206, 0.32212891]
[-0.21681174, 95.72642025, 0.15246413]
[-0.59908335, 95.72820631, -0.25950285]
[-0.52011499, 95.72503008, 0.26531879]
[-0.50839828, 95.72589258, -0.00508030]
[-0.56277339, 95.72619283, -0.00729712]
[-0.42397344, 95.72507963, -0.05815399]
[-0.54824090, 95.72581027, -0.12053133]
[-0.61827453, 95.72668103, -0.20401521]
[-0.59924014, 95.72219673, 0.16574010]
[-0.40359519, 95.72717398, -0.28721832]
[-0.79588696, 95.72103398, 0.24131207]
[-0.56956124, 95.72530982, -0.34227381]
[-0.26443531, 95.72195456, 0.21889961]
[-0.37773745, 95.72477978, -0.04015787]
[-0.58782984, 95.72360119, 0.07327852]
[-0.62618789, 95.72344619, 0.04787175]
[-0.56784520, 95.72596333, -0.09383642]
[-0.67242003, 95.72181754, 0.29947287]
[-0.64610256, 95.72601827, -0.25718789]
[-0.50282821, 95.72542125, -0.16794483]
[-0.91827985, 95.72296133, 0.16041494]
[-0.40296471, 95.72039784, 0.24021149]
[-0.82421362, 95.72475816, -0.12486600]
[-0.37812156, 95.72370102, -0.03899993]
[-0.71088054, 95.72538381, -0.11914704]
[-0.45724987, 95.72630795, -0.09268884]
[-0.64538429, 95.72543491, -0.23011389]
[-0.34038276, 95.72273846, 0.04269766]
[-0.99130929, 95.71991841, 0.10391867]
[-0.31907311, 95.71708191, 0.13125348]
[-0.20197469, 95.71724710, -0.00705609]
[-0.65385578, 95.71429184, 0.27102063]
[-0.64536208, 95.71823071, 0.06876261]
[-0.71083159, 95.71901880, 0.16336985]
[-0.40028370, 95.71969493, -0.28639292]
[-0.50754056, 95.71723632, 0.07431294]
[-0.32466931, 95.71903908, -0.11178480]
[-0.57446889, 95.71907040, -0.08924179]
[-0.72831271, 95.71672469, 0.19222415]
[-0.50533856, 95.71796176, 0.02569860]
[-0.36783252, 95.71854733, -0.14589321]
[-0.21277516, 95.71822638, 0.27099763]
[-0.43314554, 95.72075860, -0.09537150]
[-0.67387795, 95.71711729, 0.13543327]
[-0.98949737, 95.60064132, 1.32043881]
[0.20457350, 95.42593623, -0.81233449]
[-1.29148916, 95.32378867, -1.45469437]
[-1.09675356, 95.21404994, 0.67944567]
[-0.62491380, 95.18106040, 0.04023300]
[-0.83882340, 95.17121892, 0.07826581]
[-0.44780374, 95.16704016, 0.35033556]
[-0.88897024, 95.17157893, -0.06615181]
[-0.47874313, 95.16718966, 0.20794297]
[-0.32381708, 95.16850520, -0.17612078]
[-0.59777749, 95.16695421, -0.17525673]
[-0.73958568, 95.16659213, -0.01332296]
[-0.33934327, 95.17130201, -0.14692017]
[-0.51343214, 95.17035980, 0.10290108]
[-0.33967979, 95.16945052, -0.09505023]
[-0.71241962, 95.16583497, 0.04996673]
[-0.17354177, 95.16501977, -0.12379419]
[-0.52165017, 95.16476449, -0.00689213]
[-0.32043564, 95.16605664, -0.14690063]
[-0.72813060, 95.15985926, -0.00837296]
[-0.70511384, 95.16806289, -0.36893724]
[-0.29368813, 95.16693673, 0.04941922]
[-0.48692959, 95.16679985, 0.18125189]
[-0.62432370, 95.16981012, -0.17643818]
[-0.50636133, 95.16793800, -0.09210451]
[-0.51654783, 95.16450244, 0.21832045]
[-0.61505898, 95.16203294, 0.16377734]
[-0.35130155, 95.16539522, -0.03247151]
[-0.28581480, 95.16654517, -0.09457397]
[-0.73692131, 95.16833433, 0.01907295]
[-0.67984705, 95.17037872, -0.06813705]
[-0.61744591, 95.16672638, 0.20974428]
[-0.42381805, 95.16629495, 0.30239607]
[-0.29946938, 95.16837871, -0.14914749]
[-0.68543623, 95.17043556, -0.19479949]
[-0.69975930, 95.16879859, -0.05814605]
[-0.76301495, 95.16946101, -0.00142252]
[-0.57305034, 95.16724567, 0.05306250]
[-0.59800147, 95.16947325, -0.14913279]
[-0.32504511, 95.16956935, -0.11373266]
[-0.53364397, 95.17169483, -0.39546154]
[-0.84775344, 95.16546009, -0.06538231]
[-0.53830404, 95.16729751, -0.11113258]
[-0.49099976, 95.16909894, -0.34230217]
[-0.62501217, 95.16589306, -0.00392330]
[-0.46519617, 95.15974389, 0.32771183]
[-0.81237776, 95.16770445, -0.48111084]
[-0.07007868, 95.16559960, -0.25477888]
[-0.95223408, 95.16140226, 0.21842605]
[-0.34664502, 95.16638535, -0.09398678]
[-0.76369855, 95.16516988, 0.13586847]
[-0.73721902, 95.17087079, -0.15015518]
[-0.39371396, 95.17270071, 0.05358710]
[-0.32134218, 95.17116885, -0.05913503]
[-0.40499481, 95.16967625, 0.16226993]
[-0.45153658, 95.17004785, -0.00573715]
[2.94611253, 95.30381853, -4.04950062]
[-0.30615344, 96.23671455, -5.26691012]
[3.62829961, 98.08297686, -2.70084093]
[-0.93847629, 99.99029838, 2.49435651]
[-1.14556404, 101.76914994, -0.62281946]
[-4.11096161, 103.15876562, -0.71030787]
[-3.40412879, 104.03079102, 3.71048316]
[-8.48446396, 104.89203127, 5.96167304]
[-5.45729546, 107.17141569, -2.37635013]
[-2.54726411, 107.85922859, 5.09927956]
[-1.20729779, 109.45873925, 0.29996367]
[-2.74780251, 110.80439085, 0.24387013]
[-0.06619064, 112.11052432, -2.89248858]
[-3.69887584, 113.14809684, 2.88361610]
[-2.25014610, 114.42535778, 2.74590296]
[1.03158297, 116.17636622, 0.31903554]
[3.00109852, 117.93222990, -1.20620441]
[-0.20897994, 119.82527243, 2.60972287]
[-0.54355846, 121.12928730, 2.38226949]
[-1.36818571, 122.09649516, 2.58702337]
[-1.88349734, 123.19488810, 0.30389045]
[1.32737870, 124.21942568, -2.03397450]
[0.93705340, 125.58557382, -2.90657893]
[2.67376860, 127.37546601, -1.95288964]
[0.97982156, 129.19514863, -1.64750744]
[2.59195371, 130.84952540, -0.20805554]
[0.76268419, 132.31072916, -1.72042491]
[1.50524916, 133.51232716, -2.53808861]
[1.21894029, 134.98646323, 0.71420278]
[2.18842732, 136.44006386, 1.35096205]
[4.34069018, 138.33519700, 0.67664265]
[-0.80967876, 140.39127470, 2.16607258]
[1.54335678, 142.69489642, 3.06642108]
[0.44807825, 144.72525704, 1.14503641]
[5.87585162, 146.72284288, 0.23727269]
[2.07324444, 148.30917927, -6.53530735]
[0.05547860, 150.53014156, -2.71574239]
[0.35629197, 152.99296309, 0.22769709]
[0.06006740, 155.71705350, -0.90591960]
[-1.64057918, 158.60550647, 2.70959140]
[-3.27791461, 161.21853886, 5.21563494]
[-2.69830264, 163.51629658, 1.35240774]
[-3.53283899, 165.47977332, -6.47342783]
[-1.62259152, 166.42767164, 2.82004809]
[-2.55470388, 167.87050343, -1.75228359]
[-1.83761829, 168.90404288, 1.88387983]
[-1.70532126, 170.12534176, -0.49294264]
[4.11195938, 171.11275221, -2.16566449]
[4.56101870, 172.14403444, -1.55952728]
[1.39231207, 173.33860219, 0.06227143]
[-2.59070771, 174.22051686, 3.99066506]
[-3.08594976, 174.76748703, 3.31302482]
[-0.57491013, 175.28829653, -0.53560952]
[3.38286991, 175.57411190, 0.86050678]
[-0.35513391, 175.77980579, -0.97055664]
[-1.17478510, 176.05857256, -1.07779537]
[-0.52908463, 176.37913781, -0.00522216]
[0.95833013, 176.56756851, -2.19980865]
[-0.53210768, 176.71286109, -0.46786509]
[-1.07110746, 176.86522878, 1.45787749]
[-1.88534526, 177.07161105, 1.03591283]
[-1.13202741, 177.28219283, 0.29702011]
[-0.05407067, 177.43449858, -0.38427107]
[0.37190960, 177.53659856, -2.63333306]
[0.38857239, 177.71352592, 0.60239456]
[0.76931549, 177.88302812, 1.22357902]
[-1.19874986, 177.90169057, -0.51466358]
[0.48318581, 178.04166266, 0.21115018]
[0.10327969, 178.14453732, -1.13906278]
[0.65971562, 178.18692055, -2.57196032]
[0.12061913, 178.22696666, -1.69698677]
[0.12320615, 178.29515518, -0.54858444]
[1.03332643, 178.55256355, -1.58036452]
[-1.24931689, 178.81632458, -0.16947221]
[-0.11145204, 179.07091165, -0.24986103]
[1.18966290, 179.29451391, 0.27374855]
[0.20163927, 179.48123458, -0.19350860]
[1.63496408, 179.73388588, -0.21852267]
[-0.00418119, -179.98516318, -0.81406287]
[-0.26026623, -179.71265074, 0.43552915]
[-1.06888343, -179.40244616, 0.51370556]
[-1.54418750, -179.31960045, 0.85737425]
[-0.16204850, -179.29552296, 0.09464934]
[-0.46459133, -179.27434806, -0.15010503]
[-0.01427518, -179.24732825, -0.25639316]
[0.69459636, -179.18951970, 0.43052484]
[0.57675275, -179.10436757, -0.34129717]
[0.58895983, -178.97337841, -0.16764820]
[0.70168033, -178.75171654, -0.14061661]
[-1.11367901, -178.57503766, 0.04841782]
[-2.11127532, -178.52378700, 0.45717347]
[0.05602988, -178.47265332, -0.20581499]
[-0.17916885, -178.40921049, -0.11088878]
[-0.40946638, -178.27812890, -0.89871793]
[0.02208533, -178.18990913, 0.21719820]
[0.05763367, -178.15036613, 0.35670894]
[0.18233605, -178.05999797, -0.47804850]
[-0.24473374, -177.89884727, -0.61401723]
[-0.57664195, -177.70113226, -0.19760758]
[0.03188782, -177.57747505, -0.14005935]
[0.40815743, -177.49879932, 0.10916645]
[0.35382636, -177.39141082, 0.41155910]
[-0.48722008, -177.28147310, -0.06159712]
[-0.36547233, -177.16267477, -0.00693283]
[0.75678531, -177.00205718, -0.58603866]
[0.41452234, -176.83122782, -0.33102302]
[-0.45857217, -176.75634746, 0.40783238]
[-0.43467787, -176.75058230, 0.04488237]
[0.28978981, -176.75016614, -0.00382615]
[0.11148469, -176.75137452, -0.36919272]
[-0.42955387, -176.71891343, -0.86549433]
[-1.73796593, -176.62936777, -0.80396931]
[0.16370215, -176.50880808, -0.19047950]
[0.21998811, -176.45002315, 0.07972816]
[0.15546545, -176.45179149, -0.11454491]
[-0.28944873, -176.45342700, -0.30716118]
[0.30731242, -176.45272520, -0.02959470]
[-0.10367677, -176.45141085, -0.25720604]
[-0.25858627, -176.45077087, -0.35933336]
[0.13162660, -176.45253550, -0.44958222]
[-0.17725666, -176.45644711, -0.39049036]
[-0.37091510, -176.45495020, -0.35973809]
[-0.43417583, -176.46063751, 0.58567017]
[-0.06214791, -176.45620988, -0.23271707]
[-0.16279395, -176.45661662, 0.07969408]
[0.09119305, -176.45738473, -0.17039601]
[-0.12276902, -176.45697780, 0.02571544]
[-0.32296367, -176.45642656, -0.20046868]
[0.08850915, -176.45837846, 0.02672255]
[-0.07211763, -176.45829422, -0.75498457]
[-0.09511419, -176.46006975, -0.41006442]
[0.00892618, -176.46083969, -0.25257876]
[-0.10578087, -176.46073814, -0.14034737]
[0.06170643, -176.46137296, -0.05768776]
[-0.21275769, -176.46027720, -0.47451879]
[-0.01806438, -176.46114785, -0.17034985]
[-0.01812618, -176.46150431, -0.22600699]
[-0.20462263, -176.46096232, -0.05716568]
[0.09437644, -176.45988257, -0.39476216]
[-0.08201806, -176.46112519, -0.08887436]
[0.25571840, -176.46372004, -0.50123354]
[0.20178650, -176.46193053, -0.27626100]
[-0.18749261, -176.46041916, -0.14494289]
[0.12106022, -176.46033643, -0.00251224]
[-0.19113191, -176.46068331, -0.03880280]
[-0.16245435, -176.45974618, 0.07911021]
[-0.09161460, -176.45793948, -0.36772067]
[-0.10549896, -176.46081309, -0.27979796]
[0.17690597, -176.46080619, -0.33657594]
[-0.35775151, -176.46287176, -0.25659274]
[-0.15911614, -176.46237672, -0.39448934]
[-0.18401708, -176.46326022, -0.14184508]
[-0.09225554, -176.46453703, 0.02557527]
[0.31470727, -176.46396922, 0.24545845]
[-0.04256562, -176.46404668, -0.22736197]
[-0.04686902, -176.46276076, 0.05359889]
[-0.29601895, -176.46218383, -0.09055431]
[0.06360874, -176.45940656, -0.36740385]
[-0.07448363, -176.45916494, -0.08756878]
[-0.03661160, -176.45789957, -0.28007810]
[0.01718278, -176.45763793, -0.33614620]
[-0.35701351, -176.45751683, -0.11280864]
[-0.14736057, -176.45554566, -0.34037917]
[-0.27304248, -176.45612226, -0.03455468]
[-0.24394092, -176.45577700, 0.02380189]
[0.21391100, -176.45434636, -0.11884651]
[-0.13631803, -176.45392581, -0.31051597]
[-0.38467935, -176.45502392, 0.05055963]
[-0.13272882, -176.45618218, -0.17251676]
[0.11457111, -176.45779509, -0.44893505]
[-0.16504031, -176.46012238, -0.30408228]
[-0.18873676, -176.46083673, -0.14487937]
[0.06986976, -176.46025343, -0.11157546]
[-0.07505037, -176.46219361, -0.14323397]
[-0.38318850, -176.46179552, -0.45083976]
[-0.28563544, -176.46438882, -0.27984337]
[0.08989400, -176.46267235, -0.08343548]
[0.11966920, -176.46537093, -0.53419885]
[0.11938737, -176.46377834, -0.25397944]
[-0.03950437, -176.46484828, -0.33233958]
[-0.21760386, -176.46665047, -0.17286323]
[-0.27349020, -176.46697409, -0.22363137]
[0.03393026, -176.46756497, -0.08545249]
[-0.09374249, -176.46458886, -0.28228499]
[-0.38369395, -176.46307026, -0.20200205]
[-0.11774538, -176.46433998, 0.02584580]
[0.01267894, -176.46511039, -0.42349529]
[-0.02324891, -176.46317602, -0.33444156]
[-0.42807965, -176.48255794, -0.58237469]
[-0.28390172, -176.53742255, 0.07515915]
[0.04674419, -176.58113983, -0.64723558]
[0.89108481, -176.58481047, -1.10950460]
[-0.41181135, -176.58188548, -0.52609561]
[-0.20883027, -176.58490876, -0.17132190]
[-0.10369704, -176.58467902, -0.53348416]
[0.01727793, -176.58500094, -0.00039451]
[-0.01864178, -176.58433101, -0.26129054]
[-0.17589798, -176.58365499, 0.21468323]
[-3.76915967, -176.40388155, -0.55482679]
[-3.20002943, -175.77786826, -3.36573152]
[0.06897330, -175.21432885, -2.60974738]
[0.06969575, -174.60000628, -2.12671804]
[-1.46655542, -173.98881054, -0.22501812]
[-2.16110047, -173.14450208, 1.83003214]
[-0.65036341, -171.94055098, -3.43771823]
[-2.04894595, -170.46188644, -2.78237436]
[1.82606481, -169.44155586, -3.59053526]
[5.59677076, -168.47056566, -3.23181634]
[-1.38349110, -167.29329277, -1.66287039]
[-2.41907138, -165.91179345, -0.92311165]
[-0.84149192, -164.79721267, 1.61352762]
[2.34141862, -163.44262541, 1.79673378]
[4.74910209, -161.95083476, 1.15350747]
[-1.65590285, -160.83800388, -0.68852477]
[-4.23412342, -159.91445731, 2.24913901]
[-2.43768815, -158.75022708, 0.69800982]
[3.42988262, -157.80943471, -1.56054768]
[-0.52944097, -156.37632850, 1.72404231]
[5.18221236, -155.17132200, 0.28151170]
[-0.03750408, -153.90525625, 0.88495008]
[-0.94177691, -152.68263098, 0.85649089]
[0.22981658, -151.26407775, -2.77910451]
[-0.98829869, -150.10231692, -2.40703752]
[0.69369283, -149.04100838, -0.39032875]
[-0.11500865, -147.74679583, 0.33992950]
[-4.29345707, -146.18438577, 6.07444135]
[-3.23821764, -144.44395343, 0.71461553]
[3.36579359, -143.09412089, -2.93163584]
[-3.11474190, -141.60815289, 1.52629803]
[-0.32626840, -140.11209879, 0.86882832]
[-0.97778728, -138.51420080, -0.65576821]
[2.38750944, -136.73384172, 0.21086006]
[3.98320114, -135.07389091, -1.18236415]
[1.41689877, -134.14332670, -4.29564419]
[-1.65356627, -133.08432242, 2.52283392]
[0.30727053, -132.07346022, -1.92860885]
[1.26956813, -130.97532584, 2.54514866]
[1.49938570, -129.85673528, 2.54090793]
[-2.87390210, -128.71560358, 3.27378949]
[-2.88568132, -127.31102270, 1.18673534]
[-0.20354942, -125.78199096, -2.63537947]
[1.25351020, -124.29135144, -3.43021048]
[1.37347228, -122.20841571, 2.40769599]
[2.24796353, -120.51420532, 3.80790251]
[-5.18104614, -119.16493368, 1.50654909]
[2.80168040, -118.24335787, 1.58617898]
[-1.10930657, -117.53832499, 1.03314471]
[1.04772992, -116.65303365, 3.68928735]
[0.18683820, -115.90148186, -0.86566883]
[-2.31164011, -115.12836555, 1.58012906]
[0.32283316, -114.11359687, 1.40603135]
[-0.04423522, -113.23629458, 6.58525194]
[-0.22724356, -112.40224867, 1.71906228]
[-4.00727825, -111.77506319, 1.44427662]
[-1.41882134, -111.28389688, 0.54653025]
[0.07112864, -110.91165009, -0.53207559]
[1.52163044, -110.12326719, 5.75303855]
[-0.27941798, -109.11559927, 4.97543123]
[0.23673122, -108.28049964, -1.49408250]
[-0.53739113, -107.51881285, -0.06288972]
[-3.22431346, -106.61285429, 1.22547110]
[-1.79873804, -105.33316919, -2.10703066]
[1.26513405, -104.31104208, 2.46933595]
[-1.75579103, -103.26900173, -2.20254948]
[0.97123392, -102.24505135, -2.25682967]
[1.84283411, -101.22251884, -2.35722424]
[5.47361625, -100.43396245, 2.10953998]
[1.76252015, -100.44615372, 0.03638795]
[1.22978600, -100.28256102, -0.75218936]
[1.88366378, -100.13809745, -0.21208341]
[1.81533175, -100.12694039, -2.87795316]
[1.12967414, -99.99641946, -0.37687641]
[1.75930060, -99.90472345, -0.44697209]
[-0.04873803, -99.61768315, -0.61558413]
[-1.86274686, -99.07205735, 0.68046818]
[0.88866412, -98.33744371, -1.69585642]
[-0.15605197, -97.72505489, -1.58193751]
[1.13719371, -96.99141055, 6.96494073]
[-2.02010321, -96.32517733, -0.52546978]
[0.11785620, -95.70488609, 4.58892349]
[0.00453524, -94.97066491, -0.02807339]
[2.09795703, -94.52945583, 0.29167682]
[1.38297452, -94.06000246, 1.32245365]
[0.29322355, -93.54109000, 0.85318706]
[1.63941551, -93.19512388, 0.09815245]
[0.82195188, -92.86555183, -0.72509048]
[1.15641535, -92.46179946, 1.14145822]
[1.40339024, -91.94931761, 1.41373841]
[2.50114658, -91.49359352, 0.82500350]
[0.11875334, -90.82188850, 3.40796775]
[-0.57775062, -90.22683769, 0.20575318]
[-0.40072985, -89.76910120, -2.70944885]
[-0.83307454, -89.45869857, -0.94160248]
[-0.77743755, -89.27157876, -2.02725864]
[-0.02794061, -89.13093317, -2.97934601]
[-0.26392266, -89.08660884, -1.22495324]
[0.52242975, -89.09389363, 0.20569441]
[-0.00264117, -89.08216478, 1.13405189]
[-0.31952255, -89.07319256, 2.33036051]
[2.04964817, -88.96401272, -0.29935892]
[1.03135173, -88.70946498, 1.04453958]
[2.00127976, -88.45444158, 2.05719348]
[2.06702523, -88.14683794, 1.18719839]
[1.78747072, -87.82255538, -0.26235959]
[-0.22312072, -87.26910110, -1.45993288]
[0.56037741, -86.91201069, -1.84877299]
[-3.00168348, -86.81852488, -2.73393217]
[0.70836198, -86.87623048, -0.02345782]
[-0.13254301, -86.87595251, -0.03171072]
[0.11379299, -86.87721380, 0.44652495]
[-0.03916428, -86.87526017, 0.15227418]
[-0.13838927, -86.87784327, 0.21516722]
[-0.20545339, -86.88682377, 0.44143391]
[-1.87327366, -87.13386089, 4.61538704]
[0.78200412, -87.23930308, -0.53611537]
[-0.01955311, -87.36509754, -2.04044559]
[0.15663303, -87.43458350, -0.56115844]
[-0.08493844, -87.52546622, 0.64021972]
[0.18843424, -87.56149710, -0.62889509]
[0.10795606, -87.55875976, 0.11616136]
[-0.24928204, -87.55867501, 0.04415577]
[0.14373783, -87.55835669, -0.06289955]
[0.01619326, -87.55715469, 0.04532981]
[0.28636017, -87.55664260, 0.27624413]
[0.22107326, -87.55710617, -0.09204428]
[-0.06924757, -87.55833229, -0.17454350]
[-0.02013858, -87.55991556, 0.50191537]
[0.07253473, -87.56057502, 0.04548902]
[0.11546134, -87.56177918, 0.49520941]
[0.25749631, -87.56021006, 0.46566667]
[-0.00257985, -87.55932700, 0.32261598]
[0.05623352, -87.55874400, 0.29524557]
[-0.04827581, -87.55882513, 0.46407610]
[-0.04706073, -87.55812093, 0.18661860]
[0.32285238, -87.55900582, 0.12627173]
[0.21845406, -87.55948265, -0.14598587]
[0.27393775, -87.55835771, 0.19160191]
[-0.10599164, -87.55888013, 0.04321093]
[0.20405273, -87.55817128, 0.21903919]
[0.01500307, -87.55728921, 0.58215735]
[0.39200791, -87.55902254, 0.15900398]
[0.34704952, -87.56040735, 0.04843866]
[0.11345163, -87.56078957, 0.33414444]
[0.32123481, -87.56233963, 0.06807554]
[-0.05670394, -87.56425883, -0.03745951]
[0.44543161, -87.56359360, 0.30502635]
[0.06703718, -87.56267676, 0.49468196]
[-0.09512140, -87.56240297, 0.32040370]
[-0.22214456, -87.56428299, 0.43977827]
[-0.38683345, -87.56420735, 0.38009477]
[0.08951982, -87.55553064, -0.04037935]
[-0.16278999, -87.48357758, 0.27839844]
[-0.18623565, -87.48518960, 0.16327788]
[0.24124425, -87.48482621, 0.29785196]
[0.06892651, -87.48448471, 0.13204739]
[0.03348952, -87.48479842, 0.07271366]
[-0.05539061, -87.48498394, 0.15533596]
[0.00307909, -87.48260911, 0.04325488]
[0.14416051, -87.48354107, 0.38639079]
[0.00600920, -87.48288903, 0.04733020]
[0.68779344, -87.48722875, -0.31500086]
[0.10861566, -87.48360741, 0.29846166]
[0.05319169, -87.48367932, 0.10578290]
[0.22265566, -87.48295824, 0.27651172]
[0.41960938, -87.48000718, 0.69029710]
[0.33643222, -87.48732287, 0.01040919]
[0.22598785, -87.48625768, 0.41449809]
[0.35950514, -87.48621432, 0.52383363]
[0.51561781, -87.48609335, 0.37975170]
[0.07782607, -87.48555814, 0.29682598]
[-0.17877856, -87.38015091, -4.49941603]
[-0.03543334, -87.11354071, -2.01714259]
[0.18494367, -86.78454262, -0.87044198]
[0.01991009, -86.25320717, -1.68121011]
[5.17533137, -85.51989907, -3.53824784]
[3.16964939, -84.12926065, -0.82412904]
[-1.41901563, -82.87284331, 0.19945391]
[-0.29478800, -81.75723512, 0.84536703]
[0.79817109, -80.92800427, 2.82327713]
[1.56294344, -80.29419289, 5.86282893]
[0.24131560, -79.95027151, 5.69002422]
[-1.26152639, -79.77367499, 3.74189163]
[-0.16343704, -79.68435673, 2.77406705]
[-1.38131288, -79.64928394, 0.14811997]
[-1.79989170, -79.64211031, -0.24215397]
[-2.44180529, -79.59115051, -0.51060476]
[-0.38515165, -79.55801471, 0.19875356]
[0.27305448, -79.48569124, 0.94775362]
[-0.63180867, -79.39036322, 0.65825152]
[0.02315548, -79.23176923, 1.36466076]
[0.97641316, -78.95951381, 1.70593307]
[0.45061332, -78.66205988, 1.13851544]
[0.86919640, -78.24711174, 0.59054531]
[-4.16821416, -77.95151622, 0.17093181]
[-1.42549390, -77.81441893, 2.33916863]
[-6.05994355, -77.04962011, -3.68427371]
[-2.28045987, -76.12616617, -7.57195801]
[3.50141880, -74.92613649, -6.21279067]
[9.52606231, -72.85916351, -3.11203996]
[8.69372499, -70.93601938, -1.91067924]
[3.20233152, -68.52467691, 1.90305550]
[4.41605751, -67.19303669, -6.86898310]
[-2.29422564, -65.55491185, -4.18094167]
[0.29309870, -64.16524205, 9.06109490]
[-1.48108674, -62.57906640, 10.32657631]
[-5.64191851, -60.27368351, -1.83889538]
[1.16039794, -58.30872950, -0.63518427]
[1.43030030, -56.21860512, 0.78947243]
[-0.88312361, -54.29739976, 0.95538327]
[-0.22466567, -52.55804568, -2.48481401]
[0.02852312, -51.13037103, -0.56292349]
[0.91194817, -49.81829484, -1.00961624]
[-2.13101361, -48.64982395, 6.49872639]
[-2.15656961, -47.01062409, 2.88069883]
[-2.76949611, -44.43109787, -1.59285315]
[-4.56198690, -42.33983923, 0.77752844]
[-1.74938369, -40.32129263, -4.36472961]
[-3.69149501, -38.60030912, -3.95208386]
[-1.73718837, -37.08987305, 0.00870266]
[-6.01007440, -34.73805217, -2.12997471]
[-5.46796860, -32.26099830, -2.06714779]
[-2.80803893, -29.56991966, 1.59566729]
[-1.98438498, -26.98054989, 3.72420465]
[-0.12006734, -24.79377824, 2.38350902]
[4.21493029, -22.91338806, 2.36166032]
[3.25988968, -21.02757815, 3.49189611]
[4.45889345, -19.12616294, 2.77179662]
[1.92863585, -17.23326434, 3.29640914]
[-4.48152916, -15.12113100, 7.50293723]
[2.32203818, -12.59738766, 5.58502496]
[-0.17980668, -9.59128940, 7.60448387]
[-4.41389180, -5.91978633, 3.95425928]
[0.21124214, -3.79784894, 2.78802916]
[2.29461326, -1.89397087, 2.65313267]
[7.04959851, -0.20685630, 1.00710483]
[7.39846145, 1.37333260, 0.29510824]
[6.80818190, 3.12178103, -0.55477561]
[1.05101563, 4.47464733, -2.67282521]
[3.30403693, 5.60911583, -1.00329394]
[1.26236416, 6.26679763, 0.93141547]
[0.83073805, 6.59182828, -0.75509365]
[-0.74856043, 6.83344521, 0.12938322]
[-0.72968650, 7.07167704, -0.46072326]
[-0.37559016, 7.33349127, 1.60007512]
[0.27619515, 7.50620375, 2.70502797]
[-1.51808808, 7.46711812, 2.45740287]
[-1.01192211, 7.34410296, 2.96418616]
[0.73083695, 7.27366808, 0.93543062]
[1.38175800, 7.21705073, 1.46754329]
[2.69288949, 7.20645358, 3.06600360]
[0.28396992, 7.09502433, 1.43498311]
[-1.64183187, 6.99563269, -0.26004308]
[-0.37368757, 6.97130927, -0.28435688]
[-0.60916949, 6.93565975, 0.64626891]
[-0.29119678, 6.89493401, 0.93277309]
[-0.43618973, 6.82706770, 0.92526303]
[-0.08786661, 6.73083233, 1.49458626]
[-1.01825986, 6.63142103, 0.85336979]
[-0.96306992, 6.49869676, 1.10389906]
[1.06315764, 6.38943524, -0.18982150]
[-0.19906790, 6.29832690, -0.00140386]
[-0.48209754, 6.18599360, 0.30500119]
[0.39536937, 6.17896085, -0.76554883]
[-0.74576367, 6.17148189, 1.09509000]
[0.13265232, 6.18769440, -1.41780785]
[-1.34543496, 6.16028497, 1.18530131]
[-0.79577093, 6.17949284, 0.13876729]
[-0.30450127, 6.17918262, 0.30135092]
[-0.43567458, 6.17619410, 0.55080105]
[-0.26556108, 6.17664861, 0.57863361]
[-0.58247624, 6.17262836, 0.32327587]
[-0.28941647, 6.16925603, 0.60799461]
[-0.08812531, 6.16930413, -0.01412281]
[-2.16097891, 5.98279439, 3.27272133]
[0.25218374, 5.86782125, 0.53139433]
[-0.63547489, 5.72482975, -0.58020448]
[0.74725057, 5.68835988, -0.77546945]
[-0.26147106, 5.69538619, 0.54322996]
[-0.01612277, 5.69448877, 0.43146393]
[-0.17879568, 5.69269613, 0.51103879]
[-0.41555472, 5.69498026, 0.29619545]
[-0.22770829, 5.69470245, 0.44015346]
[-0.38803010, 5.69552526, 0.77372216]
[-0.34031217, 5.69598757, 0.54159734]
[0.09540230, 5.69957459, 0.84075349]
[-0.53383009, 5.70141526, 0.47349217]
[-0.39432368, 5.70392984, 0.36751489]
[-0.88651087, 5.70294604, 0.48312007]
[-0.42267731, 5.70214676, 0.34165402]
[-0.34643090, 5.70408336, 0.09435835]
[-0.24403550, 5.70365406, 0.10006191]
[-0.08879855, 5.70420417, 0.26515844]
[-0.49687490, 5.70344011, 0.49473488]
[-0.42054112, 5.69826886, 0.57238327]
[0.04236616, 5.70268977, 0.68371207]
[-0.14185977, 5.71196832, 0.59801699]
[-1.33295848, 5.75236877, 0.01440561]
[0.16275596, 5.78242349, 1.08392181]
[0.32232810, 5.79933147, 0.58052226]
[0.03959705, 5.80241917, 0.54602446]
[-0.50319667, 5.80362860, 0.25732353]
[-0.35411008, 5.80222004, 0.62584028]
[-0.07619877, 5.80617037, 0.34976249]
[-0.50239647, 5.80532572, 0.38204602]
[-0.09652202, 5.80392247, 0.72403293]
[-0.19122016, 5.80388521, 0.48643073]
[-0.10184828, 5.80471399, -0.01967551]
[-0.61769602, 5.80076135, 0.50531850]
[-0.03667015, 5.79985741, 0.37659194]
[-0.64155814, 5.80251436, 0.28756761]
[-0.42207971, 5.79633401, 0.46991770]
[-0.31107511, 5.79251999, 0.68669496]
[-0.35519230, 5.79120728, 0.68793593]
[-0.26645654, 5.79270604, 0.28397832]
[-0.10837143, 5.79322665, 0.54350186]
[-0.26179182, 5.79333567, 0.34234158]
[-0.26743014, 5.79491593, 0.37937251]
[-0.35355513, 5.79619687, 0.18728387]
[-0.18532284, 5.79278231, 0.47223929]
[-0.30273243, 5.79234686, 0.35177795]
[-0.18294336, 5.78925711, 0.35111374]
[-0.38100370, 5.78880753, 0.27016257]
[-0.40491664, 5.78616433, 0.48855000]
[-0.04388866, 5.78518066, 0.26681006]
[-0.74356670, 5.71771658, 2.62813993]
[0.78701971, 5.71685237, 0.51895132]
[-0.98861069, 5.65518219, 0.98586383]
[-0.57027241, 5.62545500, 0.45485271]
[-0.67325850, 5.60029315, 0.84454001]
[-0.62610724, 5.60008633, 0.70855501]
[-0.48683055, 5.59911334, 0.73987555]
[-0.05807822, 5.59457112, 0.33524189]
[-0.46677674, 5.57986114, 0.12118521]
[-0.63528891, 5.56433753, 0.21767324]
[-0.34316521, 5.55830754, 0.61083432]
[-0.49931787, 5.55794316, 0.54791056]
[-0.26350389, 5.55379075, 0.82673078]
[0.05052107, 5.55501636, 0.42664113]
[-0.60411200, 5.55486812, 0.43930442]
[-0.15093142, 5.55513685, 0.26155612]
[-0.07421413, 5.55619613, 0.86198097]
[-0.12005356, 5.55793735, 0.42274326]
[-0.07697551, 5.55677406, 0.60468382]
[-0.33170492, 5.55609727, 0.45925530]
[0.18163736, 5.55539590, 0.35341485]
[-0.44506473, 5.55465826, 0.45630164]
[-0.22526472, 5.55471598, 0.51413287]
[-0.15825763, 5.55489021, 0.57585328]
[-0.21471580, 5.55361731, 0.54557950]
[-0.03552650, 5.55330732, 0.31270823]
[0.12344118, 5.55010839, 0.17960525]
[-0.27612041, 5.54958622, 0.41884975]
[-0.38779882, 5.54692775, 0.66075189]
[-0.07059427, 5.54963240, 0.34526211]
[-0.29067232, 5.55066584, 0.35179720]
[-0.62311423, 5.54785426, 0.35787025]
[-0.03505586, 5.55054600, -0.10057679]
[-0.52365560, 5.54892421, 0.15696966]
[-0.69033160, 5.54654822, 0.49684239]
[-0.05273748, 5.54933592, 0.04168451]
[-0.26356823, 5.54774233, 0.37871165]
[-0.49742183, 5.54792043, 0.52346151]
[-0.29797572, 5.54857776, 0.37024216]
[-0.15722478, 5.54897766, 0.41196302]
[-0.46780229, 5.55247840, 0.06367384]
[-0.18624878, 5.55156068, 0.21939385]
[-0.10254395, 5.55044103, 0.69010924]
[-0.18723614, 5.54911184, 0.48766599]
[-0.43989306, 5.54778458, 0.80002418]
[-0.57225565, 5.55048248, 0.38866599]
[0.02825405, 5.55270382, 0.46503047]
[-0.21760054, 5.55001094, 0.37992073]
[-0.12745698, 5.54888495, 0.23540758]
[-0.33010179, 5.54561918, 0.38709523]
[-0.37151788, 5.54484399, 0.58132915]
[-0.43518333, 5.54756658, 0.25973622]
[-0.46623821, 5.54670332, 0.20711967]
[-0.36603110, 5.54326379, 0.80125643]
[-0.34011025, 5.54521933, 0.31298447]
[-0.49748834, 5.54471808, 0.37534553]
[-0.05636452, 5.54594034, -0.01526822]
[-0.41709710, 5.54558980, 0.41428225]
[-0.49787516, 5.54370561, 0.76302058]
[0.07195681, 5.54370304, 0.51379259]
[-0.50347028, 5.54639184, 0.43331693]
[-0.54509523, 5.54482498, 0.48188696]
[-0.29179820, 5.54544028, 0.37089038]
[-0.41441561, 5.54409703, 0.56716669]
[-0.25450758, 5.54298396, 0.45769854]
[-0.56659008, 5.54212424, 0.34419574]
[-0.20621872, 5.53876932, 0.35004783]
[-0.10276441, 5.53906253, 0.61036640]
[-0.33492999, 5.53878400, 0.76747245]
[-0.57689842, 5.54396978, 0.42856615]
[-0.64520886, 5.54491386, 0.51310153]
[-0.29490696, 5.54765892, 0.37965645]
[-0.46794816, 5.54628977, 0.43996860]
[-0.33757241, 5.54553143, 0.43707703]
[-0.01593238, 5.54663426, 0.54687275]
[-0.35539950, 5.54839900, 0.23693326]
[-0.08745885, 5.54625299, 0.78399108]
[-0.28919494, 5.54696848, 0.47711387]
[-0.02143094, 5.54634619, 0.20350048]
[0.00769356, 5.54441968, 0.50247066]
[-0.26401337, 5.54748381, 0.39710665]
[-0.40847951, 5.54509166, 0.28833781]
[-0.24215270, 5.54627539, 0.01245665]
[-0.49535769, 5.54092832, 0.68803652]
[-0.21554024, 5.54106878, 0.66010671]
[0.02213939, 5.53881846, 0.71299454]
[-0.67197061, 5.54085250, 0.45946494]
[-0.15053730, 5.53946684, 0.43507118]
[-0.27507787, 5.53960940, 0.76676728]
[-0.73668903, 5.54152467, 0.63041224]
[-0.16536960, 5.54391879, 0.29260352]
[-0.06402197, 5.54362047, 0.69132382]
[-0.64245704, 5.54676459, 0.28309919]
[-0.40032016, 5.54815616, 0.23409150]
[-0.46203160, 5.54896306, 0.34699491]
[-0.57509234, 5.54904417, 0.35150881]
[-0.50459413, 5.54853689, 0.72252424]
[-0.47958334, 5.55150912, 0.50829582]
[-0.18445543, 5.55743720, -0.15867030]
[-0.35991087, 5.55469482, 0.05819850]
[-0.31378429, 5.55364845, 0.18544278]
[-0.60348855, 5.54871182, 0.79276057]
[-0.05506698, 5.55228176, 0.52740973]
