[-0.24166800, 0.26455392, 0.16558978]
[-0.21314780, 0.26261272, 0.48332067]
[0.05468108, 0.26377145, 0.43670026]
[-0.41514280, 0.26164082, 1.01796088]
[-0.35503501, 0.26278754, 0.59557550]
[-0.76990374, 0.26591477, 0.51759520]
[-0.35034086, 0.26236798, 0.74327909]
[-0.19085355, 0.26550151, 0.43968950]
[-0.51622056, 0.26453953, 0.42737698]
[-0.49310168, 0.26615479, 0.23622032]
[-0.26970664, 0.26799011, -0.09480735]
[-0.32159012, 0.26426604, 0.09936601]
[-0.17558190, 0.26238495, 0.32373350]
[-0.46636506, 0.26202714, 0.49386816]
[-0.68634439, 0.26042437, 0.73602365]
[-0.54921090, 0.26148209, 0.61680626]
[-0.38473782, 0.26013521, 0.67158755]
[-0.26676803, 0.26292630, 0.04312510]
[-0.55216642, 0.25982753, 0.41257429]
[-0.50819985, 0.25918207, 0.37992962]
[-0.66038630, 0.25771169, 0.51680314]
[-0.35548474, 0.26271088, -0.06545516]
[-0.08321838, 0.25975225, 0.40085652]
[-0.16477690, 0.25916871, 0.40156326]
[-0.34116921, 0.26091592, 0.29613060]
[0.12592492, 0.26135800, 0.46158036]
[-0.13277094, 0.26063403, 0.13678473]
[-0.65576014, 0.25839161, 0.28792786]
[-0.32732127, 0.25509241, 0.52058815]
[-0.27551285, 0.25465609, 0.38261023]
[0.06075885, 0.25217531, 0.74440773]
[-0.46753288, 0.25267428, 0.48884783]
[-0.30244176, 0.25161091, 0.43723908]
[-0.26728772, 0.25258468, 0.48903713]
[-0.57394207, 0.25354835, 0.39801200]
[-0.66224078, 0.25262112, 0.32956638]
[-0.51545487, 0.25320235, 0.23601544]
[-0.49369711, 0.25154806, 0.49169994]
[-0.54048064, 0.25497319, 0.17794069]
[-0.43711576, 0.24799698, 0.48830352]
[-0.45976660, 0.24860257, 0.20734378]
[-0.37960081, 0.24412204, 0.68424115]
[-0.43276246, 0.24290742, 0.59550136]
[-0.38459885, 0.24500332, 0.45412017]
[-0.17596072, 0.24551401, 0.21750516]
[-0.35163275, 0.24151384, 0.65070170]
[-0.76564528, 0.24491720, 0.21051321]
[-0.46544798, 0.25013576, -0.06712095]
[-0.30179925, 0.24641125, 0.42766455]
[-0.31425010, 0.24679362, 0.55123605]
[-0.46716392, 0.24703297, 0.27212251]
[-0.57277881, 0.24704309, 0.43750401]
[-0.34164448, 0.24742399, 0.21814187]
[-0.43360624, 0.24706299, 0.23609202]
[-0.50540789, 0.24551892, 0.21589820]
[-0.10786337, 0.24265189, 0.57191430]
[-0.72816272, 0.24274552, 0.57522482]
[0.08752266, 0.24479120, 0.31853778]
[-0.35107302, 0.24266082, 0.31643382]
[-0.69924588, 0.24651163, 0.12693844]
[-0.13134450, 0.25088566, -0.05905190]
[-0.46678634, 0.24790037, 0.65651414]
[-0.21332314, 0.24826020, 0.34673615]
[-0.32341083, 0.24802793, 0.66036132]
[-0.12119730, 0.25149860, 0.33001943]
[-0.32276992, 0.24969641, 0.32840694]
[-0.34175719, 0.25062811, 0.37197357]
[-0.12179539, 0.24791215, 0.71155128]
[-0.18752698, 0.24781382, 0.24605918]
[-0.48160978, 0.24339835, 0.37644637]
[-0.68494777, 0.23924966, 0.70698978]
[0.00572298, 0.24154654, 0.29981714]
[-0.68301463, 0.24406807, 0.12768456]
[-0.46593537, 0.24137280, 0.32743939]
[-0.17789700, 0.24177816, 0.81887276]
[-0.13645594, 0.24221795, 0.13800414]
[-0.08180540, 0.24056083, 0.46302636]
[-0.56037214, 0.24138760, 0.16133708]
[-0.50734978, 0.24092917, 0.32687328]
[0.04593947, 0.24398726, -0.03597427]
[-0.62623673, 0.23878176, 0.70258326]
[-0.30085897, 0.24352959, 0.35404283]
[0.53531219, 0.32682580, -2.29972670]
[-0.10019462, 0.51247237, -1.39360990]
[-0.88667120, 0.52863788, 5.19827193]
[0.34980352, 0.55291619, -0.62581528]
[0.17451777, 0.55535057, -0.55209794]
[-0.59877699, 0.54956893, 0.78907139]
[-1.07032913, 0.54917615, 0.95888129]
[-0.70680940, 0.56250226, 0.78438898]
[-2.98470478, 0.60819485, -0.73783479]
[0.77716735, 0.53406436, 0.55228277]
[1.81182084, 0.54070346, 0.82740433]
[-0.78492718, 0.56686019, 0.57900008]
[-2.06247661, 0.54776190, 2.03032223]
[1.48518240, 0.58059897, 1.48901642]
[3.01237701, 0.59922129, 0.73412490]
[0.81326738, 0.69660107, -0.17580412]
[-1.33141041, 0.90157303, 0.16665288]
[-0.72695809, 1.06862835, 1.37220484]
[-0.12547540, 1.25136678, 1.62787534]
[-0.88296508, 1.33907816, 1.17418560]
[2.21246606, 1.43900795, 2.21777099]
[0.97057851, 1.44393411, 1.23329743]
[0.84046582, 1.35941249, -0.80568708]
[3.03232748, 1.25648853, -0.40741529]
[3.18598785, 1.16185579, -0.17217515]
[2.89796704, 0.98385259, -1.04913733]
[6.89470881, 0.92965901, -1.22084405]
[6.49472388, 1.15208011, 1.64090298]
[9.96572851, 0.25735500, -4.49260365]
[13.77045980, 1.12202255, -0.49311333]
[7.81809332, 1.76929158, 2.18728592]
[-2.57489964, 1.62860980, 0.09730122]
[10.68330168, 1.85907750, 0.47759833]
[7.44662769, 3.15949136, 6.38836729]
[6.47322442, 2.87581918, 3.58988830]
[8.98423516, 2.44663672, 0.40122114]
[7.62063912, 2.56980942, 1.32178593]
[3.93560746, 2.32872920, 0.90681932]
[3.89544846, 2.12202404, 2.48698171]
[5.31986882, 1.66576772, 2.53080268]
[2.76265121, 0.91299654, -1.39696058]
[3.27085620, 0.52358427, -3.11705165]
[2.53190609, 0.33978073, -3.08012896]
[0.15486676, 0.21437441, -3.42719425]
[-0.89843111, 0.11838825, -2.91552427]
[-0.43598136, 0.05452058, -2.61457674]
[-0.09056586, 0.03260783, -3.39706212]
[-0.80551591, 0.13145077, -3.97391309]
[0.89604631, 0.30243840, 2.97339237]
[0.59396687, 0.34249180, -0.70853072]
[0.44021833, 0.44901857, -0.95956277]
[2.10198576, 0.65598502, 4.08589893]
[1.68550676, 0.65719423, 1.81329917]
[1.07386119, 0.68317865, 1.67333098]
[3.62860797, 0.76105634, 3.03202299]
[5.10384391, 0.80512304, 2.23041558]
[1.96797427, 1.09382902, 4.59860450]
[0.63052942, 1.40412543, 6.78713842]
[-0.63620865, 1.57289535, 11.00533476]
[-0.34698613, 1.63893068, 8.59078127]
[-2.58749321, 1.69750509, 6.90917480]
[-3.83422487, 1.79919758, 4.71164697]
[-6.52889023, 1.69997400, 4.39281938]
[-6.67860897, 1.00579592, 6.59177619]
[-6.94402931, 0.29782070, 6.99283120]
[-6.02471931, 0.54017929, 2.40906381]
[-8.21399618, 0.66584512, 0.63599793]
[-5.52750122, 0.73255224, -0.69928456]
[-5.47245810, 0.73701740, -1.40763844]
[-6.45695247, 0.56934753, -0.29882431]
[-6.63186567, 0.71019260, -2.01817206]
[-5.77269186, 0.57477456, -1.47782762]
[-7.08781349, 0.36547909, -0.61091867]
[-7.40445696, -0.00784028, 0.28049207]
[-5.10209617, -0.16545803, -1.12538033]
[-2.11939374, -0.48950864, 1.07739884]
[-2.11564655, -0.65435522, 2.29473453]
[-3.27812799, -0.81406477, 3.27334987]
[-3.51306011, -0.91383671, 3.13971774]
[-2.39795661, -0.82456032, 1.34081236]
[-3.41003988, -0.55049033, -0.37554976]
[-4.64387987, -0.43147603, -0.22163916]
[-6.75563651, -0.09793125, -2.30244618]
[-5.84854904, 0.22917856, -4.30189012]
[-3.69149284, 0.15891817, -2.55527443]
[-1.03051390, 0.20810014, -1.77558187]
[-0.39927520, 0.26463580, -1.80042191]
[-2.09329077, 0.30859096, -1.04893041]
[-3.06025756, 0.38294605, -1.07507808]
[-4.09012397, 0.55020424, -1.90665866]
[-1.57888598, 0.57541031, -2.49705612]
[-0.03807097, 0.59605597, -1.17974777]
[-0.52605871, 0.59645844, 0.86569765]
[-0.61558432, 0.56221528, 1.09521149]
[-0.25791524, 0.51985367, -0.82355040]
[2.68523603, 0.59862954, -1.00644883]
[-0.35201674, 0.61231505, -1.77853571]
[-1.90490001, 0.67501499, -1.74835351]
[-2.13592769, 0.72150874, -2.49071861]
[-3.00051016, 0.70248405, -2.39627917]
[-3.99207353, 0.73981397, -3.01139761]
[-3.05331604, 0.74499201, -2.99813460]
[-3.02760943, 0.74175565, -2.46035267]
[-3.02960579, 0.79171567, -2.49984436]
[-2.84631199, 0.67289819, -0.55302139]
[-3.27917969, 0.56284653, 0.42054230]
[-5.31309785, 0.39686583, 3.64393349]
[-6.11524395, 0.12784059, 5.90666692]
[-6.26761447, -0.03763846, 6.63178612]
[-8.25037481, -0.34305694, 8.44113451]
[-9.70252212, -0.23350358, 7.33262367]
[-10.00513373, 0.02595283, 5.92222082]
[-10.30798394, -0.01693539, 7.25273605]
[-11.44052248, -0.01733390, 9.01246718]
[-11.42328749, 0.48356060, 9.18260830]
[-8.93142498, 0.67993855, 11.34876617]
[-7.57216346, 1.38715677, 10.57185266]
[-7.83672362, 1.86816632, 10.85491087]
[-6.60511978, 2.18322276, 12.34849972]
[-3.45513921, 2.51519531, 14.82475170]
[-0.17678875, 3.11103664, 15.58939675]
[-0.71722627, 3.60530515, 15.95696075]
[-1.08520973, 3.93678117, 15.14122733]
[0.31833953, 4.13656368, 16.66500147]
[3.05893458, 4.36790577, 17.44782174]
[3.14063288, 4.59502231, 17.89220870]
[3.66814561, 4.82544339, 18.63731337]
[4.19643604, 5.13123959, 18.99455359]
[3.36526051, 5.58409757, 19.51674779]
[2.93389329, 5.94457671, 20.96800623]
[3.09764729, 6.17584855, 18.78471518]
[3.96547158, 6.50461130, 19.09706723]
[4.22873552, 6.94213632, 20.44680874]
[4.49586001, 7.22552135, 18.83789732]
[5.66396670, 7.60988947, 17.80393431]
[6.71786016, 7.93359821, 16.93865174]
[7.29261062, 8.31901965, 14.91982933]
[7.38436380, 8.94979916, 14.07950487]
[11.16149607, 10.21061400, 15.10262719]
[11.05321204, 11.54230436, 15.61347863]
[6.53096654, 12.35948311, 14.46496808]
[6.66762666, 12.91392905, 12.83271977]
[7.56444166, 13.63535726, 11.17600561]
[9.14522566, 14.55529447, 10.23257693]
[9.53895660, 15.93727328, 10.28890175]
[7.36271528, 17.64063439, 10.16066861]
[6.57883341, 18.72192889, 5.73437010]
[7.60470203, 20.11347873, 7.56686805]
[8.38238131, 20.90316542, 6.73685838]
[7.52562282, 21.56330893, 6.56301961]
[6.60454738, 22.22176789, 7.15211942]
[5.82436558, 22.81047358, 6.87602701]
[3.66777905, 23.33604120, 4.20415234]
[2.35741452, 24.03279572, 1.38319705]
[2.24528317, 24.75242083, 0.29895332]
[4.05258875, 26.40761873, 4.91563513]
[4.75913170, 27.02161444, 0.15194006]
[7.10510463, 27.40861181, -2.61120623]
[4.79960690, 27.85743133, -5.24351800]
[2.95312377, 28.78693354, -2.70625012]
[-0.04478257, 29.52233831, -3.36989699]
[5.27961118, 30.82871467, -11.58210704]
[0.46322610, 32.54666838, -11.62825806]
[-3.25547438, 33.76991881, -10.86181715]
[5.80054215, 34.72380859, -14.19450951]
[2.27309570, 35.66670850, -15.27423026]
[-0.92941263, 36.55097866, -13.72269524]
[-3.94651637, 37.65273128, -17.56331781]
[0.24170140, 38.56334643, -16.64044761]
[4.26559244, 39.90996701, -12.45149676]
[-0.53627053, 40.97014319, -15.05016231]
[1.75733659, 41.81338253, -15.96848724]
[2.01793230, 42.81451636, -8.18624327]
[-1.20528719, 43.38141914, -12.87644228]
[0.44836334, 44.13540345, -13.54485399]
[-2.01297425, 44.85455597, -17.11352350]
[-3.36985112, 45.52296008, -17.38006293]
[-5.89626020, 46.04782547, -18.25655666]
[-4.25567098, 47.21518262, -25.28996579]
[-6.64225193, 47.71946647, -26.43157467]
[-7.08935851, 47.22704700, -21.09670539]
[-4.66225718, 47.18019430, -19.68763829]
[-5.15797847, 47.15184137, -17.89969640]
[-5.13906821, 47.53503579, -19.85713772]
[-8.52811604, 47.99358899, -21.25619966]
[-11.96050838, 48.26296149, -21.44776434]
[-9.13788580, 48.08550596, -18.84604952]
[-8.70557807, 48.14668543, -16.96480333]
[-8.09132442, 48.31956444, -13.52289429]
[-7.82436461, 48.72876611, -11.70194374]
[-11.14366678, 49.46243088, -12.61285647]
[-13.67735431, 50.02068077, -13.40185631]
[-10.17793330, 49.92742838, -11.47016892]
[-7.96170571, 50.03964370, -9.95179050]
[-6.58140967, 50.51534418, -7.39725268]
[-7.04242072, 51.42959994, -4.93103661]
[-10.62861851, 52.61901658, -4.72820027]
[-15.93054524, 53.70130243, -5.87879330]
[-15.82706236, 54.24447112, -5.64848867]
[-13.10248363, 53.97206571, -2.63602071]
[-9.94525341, 53.48992745, 1.85239745]
[-7.88634662, 53.54526153, 4.03658430]
[-6.31649048, 54.16408241, 4.34650689]
[-11.53276317, 54.83887027, 6.09146098]
[-7.18612163, 55.81618273, 5.39505453]
[-7.63243106, 56.20983447, 7.65538346]
[-10.46989318, 56.46771619, 10.48705096]
[-11.95560416, 57.06699823, 11.66253329]
[-11.24261719, 57.93290419, 12.31785444]
[-9.12737808, 59.09517616, 10.90804571]
[-7.62030258, 60.68809265, 7.79833734]
[-9.76898953, 62.00470340, 7.98050203]
[-6.39184903, 62.86963366, 10.60984584]
[-5.72831721, 63.83118938, 8.97668853]
[-5.03791605, 64.44485234, 8.35897799]
[-5.76978738, 64.95143018, 8.30521057]
[-4.30507597, 65.32343263, 9.20040557]
[-2.66732948, 65.79026240, 9.07410402]
[-4.42994184, 66.21975257, 9.69040886]
[-0.00869201, 66.59825323, 10.10193028]
[0.77937696, 66.83344689, 9.99557389]
[-1.63444046, 66.81824409, 7.48339514]
[2.16214689, 66.73862885, 8.00459320]
[4.59565863, 66.73987527, 7.79629469]
[8.41689803, 67.01964033, 8.27044518]
[7.91637162, 67.01805365, 5.97739103]
[6.78210792, 67.41089816, 5.78145771]
[5.77099557, 67.80088607, 5.10495093]
[7.58496634, 68.01664059, 2.88400687]
[9.93921192, 68.81708872, 4.08079721]
[9.26613126, 69.56600217, 4.36996982]
[6.86067305, 69.84333758, 1.72675384]
[7.56515502, 70.04219543, -2.34062506]
[8.88073885, 70.49663723, -3.26558608]
[8.81607088, 71.19691987, -2.78359572]
[9.41808902, 72.24366990, -0.88469216]
[10.98569704, 72.41694524, -6.26439020]
[7.62685365, 73.52090625, -7.08994961]
[5.74363580, 74.62859780, -8.68428154]
[9.10266859, 75.55873597, -9.31666622]
[10.07051649, 76.30630970, -11.29698550]
[9.41827780, 77.56801371, -10.41719803]
[9.89492945, 78.59840821, -9.63282690]
[10.55876357, 79.61874462, -9.07534893]
[9.79627481, 80.57574366, -11.19229348]
[10.15629268, 81.42664912, -14.87428713]
[10.82568098, 82.46131677, -17.52268476]
[9.06362126, 83.25162691, -20.06432752]
[12.20762528, 84.34366482, -19.57674387]
[11.49566378, 85.15266506, -19.80555291]
[10.50878586, 86.15069252, -18.23934328]
[10.97505216, 86.12355232, -21.49038376]
[11.33407347, 86.62745206, -21.40879732]
[11.49755753, 86.84260831, -22.26460592]
[12.37555099, 87.17464704, -22.14113461]
[13.56227960, 87.33507173, -23.34056873]
[19.94549066, 88.38458724, -22.49322563]
[20.49007633, 88.62711230, -23.91036566]
[21.78038346, 89.28213998, -24.65032177]
[15.30203593, 89.55936529, -26.34317069]
[14.26254407, 89.21061564, -30.37139783]
[14.96231155, 89.03706613, -33.14058054]
[15.23550763, 89.02235707, -34.53516065]
[16.24378899, 89.75867539, -33.43591346]
[16.31370300, 93.03854613, -23.93585395]
[12.83638204, 93.98673160, -22.61764093]
[8.36686888, 93.55705045, -29.24287533]
[10.26000357, 93.49941464, -35.74809410]
[9.11151605, 95.26791453, -33.72029634]
[6.14162982, 95.93066179, -37.64399644]
[2.98048476, 96.59454600, -37.00592609]
[1.09426219, 96.52202534, -37.92962456]
[-0.55289553, 96.53687648, -36.96596271]
[4.09750491, 96.78180747, -37.64829197]
[-6.07333498, 97.19662519, -31.74540422]
[-4.02583280, 97.99029217, -33.97980856]
[-5.22282444, 98.73256333, -33.63562846]
[-7.38140079, 99.56114439, -34.77800062]
[-7.48157212, 100.44797666, -36.43683887]
[-8.35573555, 100.26488283, -33.23280402]
[-12.24541212, 99.23384246, -27.04035469]
[-5.05322716, 99.88323367, -29.90915635]
[-7.08331249, 99.38344738, -22.98054161]
[-12.60697104, 99.56533797, -21.36613612]
[-9.45396850, 100.10161870, -21.82617160]
[-6.60812666, 100.69263034, -22.42156758]
[-12.46274403, 100.74069601, -19.07789498]
[-7.38147362, 100.39740620, -15.11216965]
[-9.18768391, 100.09401639, -12.98482336]
[-8.93539536, 99.11348431, -6.85297677]
[-7.46462778, 98.31182299, -2.78037328]
[-8.88879120, 98.05795966, -3.71302093]
[-8.77049836, 97.78427187, -2.50912284]
[-13.09809298, 98.35157366, -4.45540125]
[-10.04858385, 99.33402094, -7.59388289]
[-7.78334817, 99.91565232, -7.83803760]
[-8.15101759, 99.76869836, -1.91938726]
[-2.93009855, 100.13575096, -0.83874576]
[-5.59426030, 100.27371561, 2.04550692]
[-4.57708528, 100.97587887, -1.75055517]
[-4.41130140, 101.50624317, -3.28389500]
[-2.31645413, 102.08501964, -3.77678854]
[-3.01629514, 102.83960099, -4.97510833]
[0.93918887, 103.84215481, -3.76406407]
[-0.72230356, 104.98338084, -1.31831397]
[0.82683664, 106.12358607, -1.49780762]
[-0.40382161, 106.98291972, 4.00164124]
[3.59708653, 107.51257401, 2.21145821]
[9.61715659, 107.67586853, 1.11034349]
[9.39046616, 106.97274952, -4.33551408]
[3.19286746, 107.39368651, -1.57227975]
[1.07319301, 107.51572542, -1.19235622]
[3.69089359, 107.55835257, -1.20486607]
[8.91855923, 107.56981486, -3.24075158]
[10.59292912, 108.46399905, 0.41406236]
[11.29532694, 109.46040121, 3.93973888]
[9.75408005, 110.04771199, 5.56067302]
[14.43513477, 109.37969288, 1.19279803]
[16.82079235, 109.56142060, 0.83398183]
[12.25786188, 110.72814894, 4.19651225]
[12.27980064, 110.21710227, 0.32868696]
[12.11128800, 110.75365807, 1.57520611]
[14.71844980, 110.04425478, -2.83232921]
[14.95755068, 109.72076439, -5.12846736]
[13.71056458, 109.97430189, -5.10618708]
[14.15135848, 109.65818432, -7.92013109]
[17.63701313, 110.74603336, -5.48272574]
[24.55003921, 109.85936406, -8.97698318]
[22.90076845, 108.81258981, -12.56128259]
[22.12868854, 110.28980384, -9.69776220]
[15.85443636, 110.55355285, -9.99927891]
[15.29574955, 109.49831803, -15.68340855]
[21.73632693, 109.21152796, -18.42590816]
[20.44156221, 109.77084151, -18.16480721]
[20.71943512, 108.11459387, -23.94008399]
[22.83624194, 109.05858648, -22.10340789]
[17.91427078, 112.93113646, -11.84407744]
[4.38245816, 113.12856156, -12.32182111]
[8.24643152, 113.09739849, -17.38030617]
[20.98170988, 113.12592493, -19.58154693]
[17.12814338, 113.84552348, -18.65498405]
[14.11709575, 113.48440855, -21.68384867]
[11.29052466, 114.59680284, -20.52845220]
[0.64850186, 115.79921373, -16.69840591]
[-1.49088686, 116.39175935, -16.15191009]
[6.50600126, 116.78752579, -20.75428425]
[9.57370891, 118.59036066, -13.34286630]
[2.49001405, 119.45614558, -11.63360235]
[-2.60948453, 120.34556375, -16.69580775]
[-4.19827739, 122.34210290, -22.63378606]
[-4.03351016, 123.94646381, -22.97259960]
[-2.23735343, 124.85963056, -16.07746469]
[-4.49616342, 126.38514819, -14.52694345]
[-14.46554949, 127.48111732, -11.02995500]
[-22.97649391, 128.72518163, -11.42953520]
[-18.86221135, 130.80323432, -14.59340557]
[-20.54193944, 133.00927688, -18.72905917]
[-14.79513769, 132.77716699, -15.12238212]
[-13.46562845, 133.01110472, -10.48573597]
[-13.73877027, 133.80060529, -8.05467564]
[-12.17190214, 135.57660704, -10.66695245]
[-13.31009992, 135.83236806, -10.39158130]
[-2.85217586, 135.74955343, -10.53031054]
[-6.67322277, 135.52603058, -10.60877810]
[-16.68370193, 134.92892871, -9.01631535]
[-19.98678130, 133.97163962, -6.46222769]
[-12.90332643, 133.75187154, -5.30167298]
[-7.63258219, 133.47403826, -1.98552311]
[-4.12472911, 133.80366412, -0.90329753]
[-10.52214461, 134.28456566, -0.01606993]
[-10.34707006, 135.16696465, 1.23630824]
[-8.58142316, 137.00472963, -0.09130872]
[-9.96009458, 138.74734387, 0.88604710]
[-8.31793249, 141.17926434, -4.38815342]
[-0.56656802, 141.93966336, -3.68466528]
[-4.43885980, 142.57449233, -1.61167426]
[-8.48656373, 143.26146558, 0.60090663]
[-5.94458456, 143.82305902, 2.88860990]
[2.62430340, 144.62907752, 3.58319738]
[9.63313070, 145.01745402, 2.23353256]
[10.43324885, 146.07403028, 6.47935641]
[9.33289542, 147.25611079, 10.56817780]
[5.90278074, 148.13258647, 11.74006988]
[6.69602284, 148.74639715, 10.62656389]
[11.53450848, 149.33284802, 10.55276906]
[10.81504375, 149.85431317, 10.48788230]
[11.09550966, 150.75116023, 11.94907722]
[15.21428047, 152.24208180, 14.79332564]
[19.70475645, 153.53250444, 15.07541646]
[19.62854764, 154.93744772, 15.01951078]
[28.25444449, 155.62564931, 12.78972967]
[27.05132018, 155.04016706, 9.26448877]
[25.42386320, 158.04016094, 14.05709172]
[30.62031953, 159.32435925, 15.38341409]
[24.66364261, 159.15867580, 12.85086131]
[20.45510786, 159.92076774, 12.28902833]
[24.07992542, 160.81547819, 12.06429692]
[25.07699284, 161.94586868, 11.37905968]
[26.66428113, 163.19776642, 10.00979019]
[26.04305184, 164.19146518, 9.08842278]
[18.53843550, 166.43331598, 12.12895385]
[23.72148365, 166.71742511, 9.62044704]
[24.57717753, 167.86022438, 10.10720671]
[18.32810721, 167.93392327, 8.24262084]
[24.56417675, 167.53222178, 4.75348337]
[25.58990155, 168.01080332, 3.05854733]
[27.29660685, 167.17249448, -1.63616414]
[25.87196327, 167.29680721, -3.99952045]
[26.35260020, 166.76780951, -7.02301325]
[26.50320843, 167.96613425, -5.63102573]
[23.17700203, 167.06365350, -9.12495614]
[24.00685964, 167.30832433, -9.66205853]
[25.47852509, 167.06939005, -11.66286121]
[25.54714626, 167.79553024, -11.54220628]
[24.19931427, 168.79894122, -10.02148309]
[22.79471074, 167.07571049, -14.80292418]
[24.59483846, 166.19559780, -17.27443941]
[25.32869347, 165.76056141, -18.59401209]
[25.27392917, 166.62067920, -16.93916273]
[30.36228518, 164.73048038, -21.37864907]
[27.05684941, 167.19191723, -16.83196497]
[25.27914881, 167.62349126, -16.41787930]
[26.48427321, 165.66353806, -21.63908565]
[23.24561657, 165.46242741, -23.02015197]
[20.04227272, 167.10013240, -19.77390542]
[21.99336554, 166.08682507, -24.35819046]
[26.36440088, 169.28579183, -18.42149993]
[17.70594284, 170.93121326, -14.99982649]
[9.41926653, 170.51618681, -17.73780605]
[5.69493979, 170.69640210, -17.47546251]
[4.96230329, 170.99246270, -14.36240266]
[8.36217911, 171.18000671, -11.67864473]
[11.87260752, 171.12041204, -10.00679150]
[9.56123496, 171.13072178, -8.44699243]
[5.67131957, 172.48387106, 2.41295168]
[2.11386949, 172.44531657, 4.11460042]
[1.71449992, 172.17807903, 3.58523898]
[4.56052316, 172.11683054, 1.70632281]
[5.64468944, 172.67150661, 3.34008785]
[2.31566226, 173.26457833, 2.02692055]
[3.88189247, 173.91571988, 1.53722161]
[10.14792153, 174.68649536, 2.46383259]
[10.72252944, 175.13576380, 2.05369284]
[3.54956355, 175.56447091, 1.55727421]
[0.31371785, 175.95531435, 0.21313764]
[-4.05604602, 176.29376747, 0.97123944]
[-5.65260200, 176.12490635, 4.24860297]
[-4.97189822, 176.06299343, 3.14210513]
[-3.47227105, 175.31580917, 5.69146257]
[0.10659138, 174.94922845, -0.76556428]
[-3.45438707, 174.72211738, -1.68512410]
[-6.59692821, 174.64858205, -2.26681388]
[-8.29537562, 174.70871462, -2.29743796]
[-5.86789339, 174.71194210, -0.75106226]
[-5.53758844, 174.96854869, 1.09319382]
[-8.03464937, 174.97793744, 4.99588264]
[-12.78151595, 174.15714938, 10.92288669]
[-20.48810444, 176.13598255, 5.57917776]
[-20.94565845, 176.63468516, 5.35251486]
[-19.19507129, 177.30402935, 4.69982143]
[-18.32681564, 178.56080982, 2.37369919]
[-18.69006428, 178.34764533, 5.07918875]
[-18.21170721, 178.40306137, 7.10396597]
[-19.04802430, 179.12577654, 6.96259057]
[-22.25392134, 179.40809709, 7.65876724]
[-23.88503696, -178.30682229, 3.14644076]
[-23.06873410, -176.95505695, 1.05598937]
[-24.68006163, -176.07478145, 0.22769790]
[-23.86821507, -177.13401627, 3.83197668]
[-21.09176993, -177.48061547, 5.34430221]
[-19.66637875, -176.75864871, 3.60251876]
[-20.41445813, -176.46874666, 3.03223565]
[-20.84932601, -177.12702904, 4.84332281]
[-21.53169335, -175.74255310, 0.88527339]
[-19.93478010, -175.19338824, -0.89127866]
[-18.41871739, -175.65251271, 0.24155445]
[-15.06808351, -176.18956639, 1.93913778]
[-10.38761434, -176.79228953, 4.29823672]
[-7.99897348, -176.98338487, 4.77802932]
[-9.11456502, -177.22724586, 5.07955806]
[-5.64796463, -177.10897713, 3.49660487]
[-2.26480732, -177.24628469, 5.01164750]
[-3.08818322, -177.11696361, 2.58885692]
[-4.33497230, -177.08263658, 2.26967019]
[-6.57444586, -177.77520140, 8.12327683]
[-5.42519676, -177.53134965, 4.10269356]
[-4.42406997, -177.56857411, 1.24761252]
[-0.65518822, -177.77879424, -1.03096795]
[2.44237320, -178.03162348, 0.29720393]
[6.49125684, -178.47236336, -1.68107885]
[11.40411984, -178.02365423, 3.97680731]
[15.16261658, -177.35602942, 7.13136388]
[17.44700791, -178.78511395, 1.58456591]
[13.74249891, -179.79664503, -1.95458575]
[17.35213992, -178.51434543, 2.73785346]
[18.34423817, -178.05129369, 3.65236175]
[28.31098091, -177.31229337, 4.72790564]
[40.24977122, 178.07208418, -4.10124245]
[58.36310734, 176.63044302, -7.01859318]
[57.47666852, 173.83169487, -11.19426695]
[64.53265997, 169.94228874, -15.76761221]
[73.05525068, 163.71845637, -22.41085973]
[71.99753719, 167.14153155, -19.08344819]
[73.85095583, 160.73356907, -26.17656068]
[80.43028861, 128.13870369, -59.64348672]
[86.13421623, 99.56233763, -88.48712041]
[74.88401503, 32.86261513, -155.90094801]
[73.34072550, 43.04004066, -145.42230384]
[70.56714877, 37.79937942, -150.94193077]
[72.79825967, 25.48129993, -163.98630050]
[71.46891417, 23.80466259, -165.78737415]
[69.93045080, 41.60630362, -146.94555997]
[76.22099091, 111.94027403, -73.46673115]
[72.03831933, 154.72657248, -28.31501563]
[68.36674923, 158.62212157, -23.15630921]
[59.51270419, 164.22297689, -16.13797031]
[50.69840801, 171.92061886, -5.79116908]
[40.65725964, 172.02569981, -4.66213120]
[28.71951830, 170.51566881, -6.57564834]
[20.50850852, 173.34913335, 1.17744209]
[16.59465426, 173.63852502, 4.11624915]
[11.48572945, 173.15348364, 3.33435616]
[3.60318428, 173.82300893, 8.48405951]
[-3.05046030, 174.24321722, 3.12194614]
[-10.41169955, 174.64060151, 3.70731749]
[-13.72939630, 175.73564735, 0.15975679]
[-18.85454978, 176.18857076, 0.02532387]
[-24.04117793, 175.40521584, 3.04875659]
[-20.79225626, 174.01445528, 6.22525698]
[-23.21911727, 174.70177328, 3.60844636]
[-26.30524248, 176.52387374, -1.03676369]
[-26.03798218, 174.85778082, 2.69829602]
[-21.10612536, 175.66368129, 0.93513598]
[-21.19996495, 176.62544223, -1.58266538]
[-19.57846902, 176.16084827, 0.05269623]
[-18.44361853, 175.58963304, 2.78591316]
[-13.14336101, 175.75323396, 4.98725281]
[-9.14111658, 177.25151643, 1.82616991]
[3.27168837, 178.29363773, -2.29985895]
[20.00166000, -179.07329887, 3.69697786]
[28.00994497, -176.08686875, 8.31002438]
[42.26416258, -179.13024522, 1.22364824]
[52.63943449, 177.11649573, -5.04149813]
[74.32508743, 173.60439235, -9.96695100]
[80.64299896, 144.62767263, -40.10889623]
[86.13352143, -169.49767107, 6.23351579]
[86.28386684, -58.93280279, 117.11903922]
[85.81770548, -38.96293399, 137.44006286]
[86.94907068, -69.87698863, 106.68511475]
[85.91848113, -99.90040948, 76.80654824]
[85.93683845, -101.67154690, 75.23191268]
[85.40780360, -103.83309287, 73.33156702]
[87.38519798, -108.74609592, 68.99073803]
[84.76408843, -139.71656472, 38.55356929]
[79.10091785, -168.94252232, 9.63461262]
[73.45081707, -174.56130102, 4.47779173]
[68.03653874, 172.65887757, -8.44747167]
[65.96772109, 170.06127446, -10.64707123]
[54.61580197, 171.87267301, -7.90367751]
[44.61274466, 179.22424216, 2.68450229]
[31.80083063, 179.46090999, 4.39753185]
[10.50973829, 177.88579296, 2.19105100]
[-5.65579537, 177.67672995, -3.95424659]
[-6.10857962, 177.47330669, 1.10799816]
[-7.28917513, 177.15640582, 4.12703480]
[-4.07811278, 177.11285763, 3.74948373]
[-3.10324718, 177.10955424, 2.13295907]
[-4.53671516, 177.17440280, -0.25275001]
[-6.39013165, 177.19708840, -0.89727525]
[-9.56550461, 176.92601395, 0.98997229]
[-9.78935570, 176.81172327, 2.02856884]
[-7.12854112, 176.89715084, 4.86781333]
[-7.01996328, 177.34792260, 8.09157723]
[-7.95028009, 177.81139285, 9.64907999]
[-7.55993192, 179.16773808, 4.63288736]
[-6.81228889, -179.44450304, 0.41559652]
[-8.21548363, -177.65664085, -8.45837889]
[-4.48717018, -176.72875313, -15.97457178]
[-2.55730427, -176.93488101, -26.14035605]
[5.73601840, -177.85107573, -33.54531041]
[6.55779026, -178.90237917, -40.61739898]
[8.48497251, 179.36934037, -52.75116570]
[6.84904209, 178.53353211, -59.20753168]
[6.06045122, 178.78854682, -58.15502704]
[8.23236110, 177.44088143, -69.69828982]
[11.06550571, 176.95488673, -73.12896677]
[12.92949295, 178.56010245, -67.00576288]
[14.27943812, 178.34351122, -70.74896071]
[16.48712385, 176.49207558, -80.50625348]
[22.69990284, 177.35264469, -80.74365249]
[23.12785540, 173.63177408, -91.31674940]
[24.78933292, 174.38098379, -89.52746003]
[24.14705335, 172.69944126, -92.10135863]
[25.57911408, 174.02689063, -86.01677463]
[18.21037178, 174.01048618, -81.76815196]
[12.84747483, 173.84535570, -76.93129226]
[15.56551620, 173.52339082, -72.96476503]
[6.58050297, 174.30295300, -64.48214035]
[7.73319081, 174.46562350, -59.38030170]
[6.91878003, 174.03519341, -59.18248562]
[4.54074623, 174.35801457, -52.50015325]
[4.13678669, 174.67718147, -45.72904279]
[7.07093933, 174.53481308, -44.22532035]
[11.30797760, 175.29457813, -36.61138457]
[9.19176270, 176.90793280, -25.45924429]
[5.05146004, 177.41316924, -20.22558589]
[3.53739085, 178.51323543, -7.47508623]
[2.13774982, 179.23854687, 4.64051361]
[3.27515321, 179.54539929, 9.67771185]
[2.84494615, 179.81548834, 15.88519665]
[-0.44429729, 179.92758310, 21.70962407]
[-3.22483847, -179.80043796, 22.65150075]
[-0.60610220, -179.06465575, 16.09700709]
[4.96921524, -178.55823430, 18.98472966]
[6.77502066, -178.43519112, 19.03130132]
[1.88379785, -178.58988858, 17.96240104]
[9.22684196, -178.70536050, 17.64348776]
[11.30732474, -179.50312600, 15.37506204]
[11.31440139, -179.99395910, 15.70398273]
[12.89777774, -179.66244016, 20.16606132]
[12.17832718, -179.29223342, 24.66074785]
[13.66894414, -179.67073747, 27.01529560]
[11.65227865, -176.37744497, 44.79775288]
[11.06645943, -175.10075236, 53.53655491]
[10.39893057, -173.33518516, 63.25368853]
[9.25217329, -172.75485605, 65.88095964]
[8.56507549, -172.49747970, 67.25634208]
[11.40565689, -171.83964279, 71.54844000]
[14.55549832, -171.07078888, 76.11028642]
[19.47439889, -171.34309929, 76.68202932]
[15.00919514, -170.86785826, 80.64043683]
[14.15768425, -171.29144634, 83.22855152]
[11.80723060, -171.81819148, 85.02956048]
[8.42476430, -170.81604648, 92.21812807]
[11.63674692, -172.29746197, 84.28988180]
[10.92470181, -172.16464251, 84.79349193]
[11.82476507, -172.43374546, 83.00543547]
[11.93005860, -173.28194699, 78.24317779]
[12.00678691, -171.98698639, 83.20433167]
[10.12595639, -172.53221935, 77.83590209]
[8.38306244, -172.91744207, 71.14353182]
[9.47289373, -172.94414495, 66.56093360]
[8.67091887, -173.66651606, 60.67485288]
[14.27331061, -174.71494169, 56.29455806]
[8.06999011, -176.85680876, 46.99555639]
[8.55022335, -177.54041645, 45.10878785]
[7.65752206, -178.02346906, 44.68257603]
[3.27414184, -179.09291085, 37.96216405]
[-0.77338229, -179.85580261, 33.36070716]
[0.23828797, 179.25301707, 29.36400341]
[1.70733805, 178.56206423, 18.10010978]
[2.50619318, 178.24084918, 2.77242950]
[1.58259363, 178.80476797, -0.22211494]
[0.87638627, 179.34565990, -2.64292750]
[-0.07343287, 179.73186131, -3.61618287]
[-2.00900682, 179.93051040, -6.10289083]
[0.32286796, 179.99469842, -9.28391527]
[-0.40471916, 179.74307247, -9.13782027]
[2.06858350, 178.22519087, -7.23359993]
[6.66570488, 175.56088278, -6.10651458]
[3.52028327, 170.82042984, -5.78789287]
[-1.12108728, 167.52087081, 0.37925038]
[-3.57029938, 164.47015401, 5.17935924]
[-9.00909048, 162.29325578, 2.40818372]
[-4.71536873, 159.22681953, 7.80864461]
[-3.33174074, 156.35215895, 11.77566258]
[-0.85874678, 153.33401619, 9.67860690]
[5.83196367, 149.57857459, 5.49954650]
[2.25034923, 145.47328891, -2.91157996]
[1.98076032, 141.73358467, -1.13374667]
[6.70609400, 138.70746929, -2.41097898]
[10.79497924, 137.04481961, 2.45779585]
[17.65736066, 127.00745882, -27.68971255]
[21.70516095, 124.16811808, -31.23753160]
[6.45952958, 129.42965106, -0.43236458]
[3.53749120, 127.52591620, 8.61287800]
[3.79957982, 123.33824245, -31.81366589]
[8.53440180, 124.26024357, -22.46051885]
[10.49164139, 124.41374897, -25.06950704]
[10.25269347, 125.62677368, -23.42484836]
[7.36161774, 127.12317899, -24.08520698]
[6.49187300, 129.13993857, -25.82956028]
[5.56543988, 132.11278186, -24.95772312]
[7.80649401, 136.06635020, -19.34849371]
[3.13964846, 141.35651070, 1.50096704]
[0.46764241, 145.41588563, 7.53253375]
[5.24735577, 148.91972907, 9.45240068]
[-7.99384773, 151.47377369, 11.23806139]
[-10.76454672, 152.81034557, 18.22776575]
[-11.49314974, 157.39608426, 7.57810913]
[-11.89409044, 159.05959991, 11.48642888]
[-14.94141500, 166.78230537, -7.25424507]
[-13.88569845, 171.18666803, -11.38190898]
[-3.12044130, 174.42189532, -9.58322240]
[3.83491327, 177.93832354, -9.68756557]
[10.27966613, -178.12899898, -1.22873592]
[15.73525318, -173.66885844, 7.20215666]
[13.69056530, -170.40050099, 13.72771349]
[12.94825401, -169.19809809, 15.31601087]
[2.47272795, -169.33379828, 13.45944721]
[6.75787712, -169.77534061, 14.99547038]
[13.06748612, -171.75814835, 16.54866499]
[12.30810642, -175.40553949, 15.61975533]
[13.88192019, 178.07152191, 4.72709009]
[3.11568246, 171.88782632, -12.25504892]
[-12.23460095, 169.18662170, -11.00087061]
[-13.16501574, 166.19438393, -8.01117895]
[-17.11230424, 159.30475455, 7.17299013]
[-15.44133127, 153.95938809, 15.09835701]
[-6.78931050, 150.58718737, 11.80535273]
[-6.09558449, 147.00819564, 7.64484906]
[-8.08270283, 144.46655077, -5.06079548]
[-6.59242647, 141.19634129, -9.43933998]
[-7.06215282, 138.11456538, -7.10777089]
[-6.56304377, 136.29272578, -14.82843577]
[-6.43407958, 133.01763586, -10.42377581]
[10.94553507, 129.11629214, -33.93181543]
[19.94512163, 123.25562738, -49.17580884]
[5.19289478, 125.87643967, -32.36271612]
[-4.84116395, 125.81323265, -25.09799195]
[-0.83334913, 126.62477935, -27.82484694]
[-7.64156277, 127.58585180, -29.07886887]
[-1.08557287, 128.66534545, -29.96594361]
[-2.96760083, 129.93101102, -30.11057746]
[-2.45437347, 131.40049742, -23.55001367]
[0.91761218, 134.02149987, -21.39025120]
[3.65621979, 137.55549113, -20.51342007]
[2.83086706, 141.60141172, -11.74384745]
[-2.83124203, 146.25053055, -3.58518502]
[-4.83774702, 149.52686201, -3.29449442]
[-6.53131090, 152.25875258, -4.66953518]
[-7.47368650, 154.43667196, 0.16090502]
[-9.06413975, 157.11888566, 1.24318859]
[-4.11030324, 160.78934469, 2.05897921]
[-8.09687254, 164.79358189, 6.70445253]
[-8.26855761, 170.69436869, -4.74138750]
[-7.42684990, 173.35589957, 0.72752784]
[-6.40751051, 176.50292998, 2.39941283]
[-7.45366328, 178.74398260, 5.53617121]
[-7.95116531, -178.33267895, 7.89103735]
[-9.57431329, -175.64498589, 8.31848309]
[-6.63693113, -172.51512442, 9.72376518]
[-2.13947690, -170.47695099, 11.26994559]
[4.41188782, -169.76077406, 13.93187506]
[-1.70988284, -169.77064998, 8.62305951]
[-6.46419327, -170.17538240, 11.30293409]
[-3.29395811, -170.93438006, 12.91713850]
[-3.39830440, -171.60210589, 11.17434111]
[-4.41804656, -172.31622646, 11.67897611]
[-7.20099999, -173.13277491, 11.83464208]
[-5.20478972, -173.86659488, 10.02822669]
[-3.38196073, -175.14848046, 8.73380944]
[-3.76878249, -177.69936329, 4.89501799]
[-2.93424269, -179.74747834, -1.10874541]
[-7.86694277, 178.06881025, 2.72344557]
[-12.84329153, 177.63308806, -2.46495973]
[-14.52565875, 176.28521607, -0.71960767]
[-15.65704520, 175.53986115, -1.53699629]
[-14.55745255, 174.53668392, -1.32919831]
[-13.48681993, 173.87855023, -2.98332207]
[-11.07450292, 172.68320085, -2.84738147]
[-11.83904622, 172.18022341, -4.50044035]
[-8.53091675, 171.39107133, -2.72117228]
[-11.56945843, 171.56495042, -4.78252147]
[-13.05831383, 171.41830676, -4.37420065]
[-12.83084777, 171.58465708, -5.17608099]
[-11.56229721, 171.91692665, -6.54250674]
[-9.96270637, 171.68215500, -4.39231466]
[-8.90258138, 171.95792268, -4.51696498]
[-8.01327188, 172.39874737, -4.83998049]
[-7.76604633, 172.89741321, -5.50573356]
[-8.03509892, 173.15476866, -5.22839180]
[-6.96627058, 173.42355990, -5.89990605]
[-8.11115144, 173.58935528, -6.41126629]
[-7.82816129, 173.60016535, -6.25457481]
[-8.04537643, 173.71873126, -6.93089001]
[-8.27709225, 173.40570325, -4.77697856]
[-9.00786591, 173.10208601, -3.35427817]
[-9.09183553, 172.99008550, -3.40678682]
[-9.13622759, 172.95378088, -4.11111634]
[-8.11951745, 172.78966853, -3.83260097]
[-7.18853491, 172.77392369, -4.29981124]
[-8.09604719, 172.59645195, -3.48335061]
[-7.84385322, 172.60298208, -3.88939270]
[-7.32610534, 172.64726304, -4.48089050]
[-7.43731037, 172.65263755, -4.79214564]
[-8.83332995, 172.62125943, -5.21535360]
[-6.84052201, 172.39472986, -4.51654098]
[-6.59666084, 172.11701673, -3.08510170]
[-6.65362021, 172.08843169, -3.47600200]
[-7.24115372, 172.13016864, -4.42690716]
[-6.72420308, 172.09723401, -4.61206717]
[-7.04577717, 172.05077534, -4.70303150]
[-7.83217359, 171.83453928, -3.70481512]
[-7.81156499, 171.82695368, -4.31675941]
[-6.82392410, 171.77235444, -4.63119742]
[-6.50278985, 171.66375888, -4.57498627]
[-7.89929480, 171.67824758, -5.11886022]
[-9.25309331, 171.26207574, -2.65136439]
[-9.68748593, 171.33784745, -3.36138722]
[-10.39236565, 171.38212756, -3.70083594]
[-12.71032948, 171.42193601, -3.89422505]
[-15.08661352, 171.68048600, -4.90836334]
[-9.97845721, 170.95501108, -1.88203898]
[-7.71940873, 170.85232476, -1.98829236]
[-7.50524039, 170.82301329, -2.72017060]
[-6.73373213, 170.60950544, -1.49621309]
[-9.10039917, 170.75339575, -2.56912458]
[-9.50145734, 170.77783239, -2.61449955]
[-8.63695170, 170.70493106, -2.08079834]
[-8.66968218, 170.75930394, -2.40551298]
[-8.78515657, 170.72007072, -2.19048971]
[-7.94920082, 170.89456326, -3.24221068]
[-7.23899889, 171.01879027, -3.64842065]
[-7.38086372, 171.06442318, -3.42785268]
[-7.20800459, 171.14470198, -3.51004626]
[-6.78315227, 171.12090556, -2.88029824]
[-7.60115163, 171.10710486, -2.34148733]
[-7.22404188, 171.17536610, -2.43897147]
[-6.93890588, 171.31386719, -3.01283759]
[-7.02088627, 171.28019180, -2.24129245]
[-7.53125378, 171.25461233, -1.80486772]
[-6.83772228, 171.28076670, -1.85817806]
[-7.19470263, 171.24850382, -1.59173562]
[-7.68038130, 171.24489931, -1.66056550]
[-7.92713906, 171.17836530, -1.28931425]
[-8.32527344, 171.21348924, -1.74205255]
[-7.44308108, 171.10303310, -1.20960190]
[-7.54818434, 171.03086193, -1.24019056]
[-7.62696340, 170.99924016, -1.68234141]
[-6.89209424, 170.89678972, -1.70497637]
[-8.09876616, 170.81421285, -2.03992866]
[-7.56307702, 170.74774166, -2.35962506]
[-6.94365178, 170.70000776, -2.62254390]
[-7.66633747, 170.62967156, -2.70232521]
[-7.79233654, 170.52242440, -2.64893299]
[-7.34165258, 170.46538983, -3.02183914]
[-7.87442093, 170.33632675, -3.05193958]
[-7.41701324, 170.20321168, -3.26126281]
[-7.47239944, 170.13413683, -3.82303026]
[-8.40125347, 169.88411254, -3.17976339]
[-7.99917488, 169.76708630, -3.57328295]
[-7.69366525, 169.66375430, -3.97736274]
[-7.81697437, 169.58005509, -4.23532823]
[-8.33903261, 169.45523936, -4.14845012]
[-7.91683559, 169.38296721, -4.53708406]
[-7.64088561, 169.23535123, -4.31158511]
[-7.27913729, 169.11392051, -4.42632456]
[-6.94036917, 169.06252221, -4.79445168]
[-7.34079286, 168.94395992, -3.99299915]
[-7.16851207, 168.99680248, -4.21557099]
[-7.54411447, 169.13881732, -5.09585808]
[-7.77158923, 169.13826439, -4.77198679]
[-7.33951918, 169.16701001, -4.54726715]
[-7.21734142, 169.19070637, -4.31901016]
[-6.96911008, 169.22645533, -4.27602090]
[-6.70308692, 169.19843680, -3.53198905]
[-6.72816366, 169.13647879, -2.36576552]
[-7.02479612, 169.26427183, -2.76337913]
[-7.03884288, 169.33476809, -2.89872409]
[-6.72390422, 169.30208267, -2.22181604]
[-6.49412963, 169.41553331, -2.80430831]
[-6.31980890, 169.42377396, -2.52324628]
[-6.37440684, 169.54361643, -3.18940377]
[-6.77511833, 169.44541061, -2.16055933]
[-6.35489881, 169.46515957, -2.24016221]
[-6.87990945, 169.47766340, -2.44346076]
[-6.86346136, 169.42306354, -2.02143875]
[-6.96951906, 169.40526659, -1.86949692]
[-6.62265580, 169.41305816, -1.86624261]
[-7.14037357, 169.44102719, -1.96719117]
[-7.26617184, 169.42656717, -1.69004797]
[-7.45212770, 169.51969679, -2.21544131]
[-6.48102322, 169.57866648, -2.38452834]
[-6.88992933, 169.62205080, -2.46617859]
[-6.56435418, 169.65021289, -2.33088250]
[-6.69055328, 169.68235865, -2.37517272]
[-6.97719672, 169.61037408, -1.60211546]
[-6.74620533, 169.63517449, -1.67980322]
[-6.33502910, 169.68627617, -1.99421278]
[-7.32414426, 169.63571529, -1.39388812]
[-6.94682983, 169.67973303, -1.58313467]
[-7.29489146, 169.65924415, -1.30106691]
[-7.57012966, 169.72072736, -1.68241978]
[-7.32436628, 169.71816317, -1.63993929]
[-7.69109142, 169.67429161, -1.22810857]
[-7.15403937, 169.69985062, -1.37115136]
[-7.37357805, 169.73517196, -1.66296233]
[-6.68840505, 169.67223829, -1.23352355]
[-7.29734629, 169.73639478, -1.76832631]
[-7.38837968, 169.67610805, -1.25370067]
[-7.34075266, 169.68841233, -1.38618564]
[-8.01218692, 169.64440821, -1.20817473]
[-7.76381657, 169.66870103, -1.52093145]
[-7.98093575, 169.64541785, -1.51814569]
[-7.52281496, 169.75370418, -2.53929867]
[-7.68577028, 169.67709921, -2.24130493]
[-7.59105641, 169.58030323, -1.86780676]
[-7.52248153, 169.54187743, -2.06593842]
[-7.38635292, 169.43623902, -1.65622008]
[-8.01269636, 169.47200093, -2.27369281]
[-7.75655106, 169.32663441, -1.48844319]
[-7.88126021, 169.41299682, -2.30990204]
[-8.35532050, 169.24707043, -1.24798060]
[-7.77904465, 169.26498458, -1.42166445]
[-7.93239440, 169.19927718, -0.92368147]
[-8.29709206, 169.19080284, -0.87483034]
[-7.59590145, 169.24900946, -1.11529118]
[-7.39690109, 169.21776223, -0.28672261]
[-7.79409103, 169.48378254, -1.64419995]
[-7.56765640, 169.51006206, -1.30063559]
[-8.07277367, 169.69706594, -2.25456928]
[-7.33085662, 169.81744664, -2.94214014]
[-6.92989539, 169.84743033, -2.87611219]
[-6.57093002, 169.90120896, -2.60095417]
[-6.12944946, 169.83852629, -0.81923095]
[-4.61344074, 170.02105730, -1.38912662]
[-5.06739401, 170.13504356, -1.15623385]
[-3.62375547, 170.31082376, -1.02620619]
[-3.81484908, 170.43038148, 0.12374449]
[-3.34495943, 170.67313113, 0.15520770]
[-2.76440339, 170.85879359, 0.78781178]
[-2.87830996, 171.08112563, 0.71694845]
[-3.49499935, 171.24047987, 2.30845405]
[-3.91387223, 171.48969373, 3.41388904]
[-3.48436859, 171.86382783, 2.98064856]
[-3.37490354, 172.18132829, 2.99986415]
[-3.50419977, 172.34834122, 3.98273406]
[-2.77354761, 172.47217958, 4.51017124]
[-2.93374715, 172.58091716, 4.47422149]
[-3.66159231, 172.61367851, 4.99473116]
[-3.01309391, 172.62745936, 5.05444711]
[-3.49218270, 172.60947354, 4.97976737]
[-4.43721385, 172.48397270, 5.65145399]
[-4.75057583, 172.37819242, 5.54414477]
[-4.86378350, 172.33154854, 5.10675358]
[-4.91228582, 172.24738668, 5.11081643]
[-4.03788522, 172.14667974, 5.39507251]
[-3.71028002, 172.10368181, 4.41570181]
[-4.30958888, 172.03855179, 4.07026611]
[-5.37112771, 171.98213728, 3.50663704]
[-5.61399185, 171.88275861, 3.71506091]
[-4.69119630, 171.88672242, 3.06483510]
[-5.36933198, 171.79284012, 3.63921469]
[-4.96976579, 171.68963689, 4.44084903]
[-5.21376562, 171.71646553, 4.12561469]
[-5.02044535, 171.69464810, 4.61553379]
[-4.86147841, 171.64538738, 5.50561839]
[-4.52948281, 171.70170819, 5.01157387]
[-5.12683035, 171.69938718, 5.16577681]
[-5.10106237, 171.70130687, 5.31173848]
[-5.34621509, 171.69435093, 5.47021902]
[-5.26828922, 171.69886830, 5.27962014]
[-4.99153566, 171.71740250, 4.98773940]
[-4.82797529, 171.71212478, 4.97245569]
[-5.31875987, 171.69397094, 5.01878493]
[-5.11143594, 171.74023491, 4.22348738]
[-4.70435346, 171.69971667, 4.63407605]
[-5.15553985, 171.76198005, 3.98999176]
[-5.16097557, 171.72510657, 4.49537910]
[-5.45489777, 171.76304904, 4.12835156]
[-4.52987785, 171.74387761, 4.45551153]
[-5.11990695, 171.73670874, 4.73085493]
[-4.96808690, 171.77609700, 4.41803569]
