-20.715723 ,-12.143781 ,-29.021343
-22.109310 ,-13.018960 ,-26.641682
-23.296931 ,-13.962485 ,-23.058657
-24.753613 ,-14.727502 ,-21.076154
-25.808446 ,-15.969135 ,-18.059389
-26.961714 ,-16.669813 ,-15.719608
-27.432801 ,-17.616831 ,-13.640915
-28.277909 ,-17.762633 ,-10.670866
-28.711507 ,-18.441642 ,-7.936543
-29.277934 ,-18.833040 ,-5.990172
-29.188114 ,-18.918653 ,-3.640376
-29.307003 ,-19.282585 ,-1.830736
-29.457304 ,-19.120779 ,-0.650216
-28.908811 ,-19.222139 ,-0.115863
-28.801714 ,-19.225941 ,0.720070
-28.515022 ,-19.586019 ,2.452446
-28.363795 ,-19.578190 ,5.105593
-28.203836 ,-19.169480 ,7.495959
-28.133085 ,-17.888029 ,10.105219
-27.175592 ,-17.606367 ,12.849497
-26.721982 ,-16.470099 ,15.836872
-25.379857 ,-15.574290 ,17.730130
-24.125055 ,-14.947608 ,20.585286
-22.786318 ,-13.778825 ,22.769551
-21.290003 ,-12.147181 ,24.097386
-20.150555 ,-10.207985 ,26.271355
-18.196062 ,-8.259534 ,28.184976
-17.221521 ,-6.882651 ,28.749969
-17.300892 ,-6.740784 ,28.745250
-17.847716 ,-5.631361 ,28.960510
2.050164 ,19.650010 ,28.041852
3.429411 ,19.353642 ,27.941035
5.378035 ,19.601388 ,29.341948
6.064899 ,19.377529 ,30.124836
6.767173 ,19.305924 ,30.225065
7.476576 ,18.442274 ,30.707780
8.865272 ,17.790872 ,30.294652
10.368080 ,17.022136 ,30.280496
11.480871 ,17.973036 ,29.797028
12.157343 ,17.700156 ,29.816086
13.074252 ,18.300471 ,29.656496
14.543785 ,18.677648 ,28.603140
16.062990 ,18.919517 ,27.084305
17.343217 ,18.788690 ,26.364899
18.283510 ,18.723301 ,24.581444
19.669214 ,17.550789 ,22.375010
20.951269 ,16.044714 ,18.830716
21.661769 ,15.186348 ,16.861920
21.402450 ,15.481039 ,13.958638
20.918896 ,16.267101 ,11.683843
19.940532 ,17.856694 ,9.040322
18.904238 ,19.444222 ,9.118748
18.430994 ,21.644270 ,9.585456
17.747102 ,23.031145 ,10.238505
17.812502 ,24.294666 ,12.007990
18.601534 ,24.889391 ,12.177113
18.846742 ,25.387818 ,13.577851
19.182339 ,26.502894 ,13.815024
19.981040 ,26.834650 ,14.563326
20.865624 ,26.313158 ,16.340774
31.063889 ,26.383691 ,2.683797
31.444091 ,27.006555 ,-0.339018
30.967669 ,28.566870 ,-4.357492
29.360650 ,29.565305 ,-9.427130
26.214051 ,30.222650 ,-14.944405
22.764909 ,30.614413 ,-19.847525
19.199510 ,29.892001 ,-23.383999
14.716098 ,28.406721 ,-27.439525
9.345334 ,26.758921 ,-30.508537
3.211836 ,23.803819 ,-32.108697
-3.503487 ,20.748605 ,-32.750846
-8.131731 ,18.040002 ,-33.592928
-10.777198 ,16.330736 ,-33.709699
-13.018011 ,13.960295 ,-34.022735
-14.158705 ,12.322930 ,-34.264163
-14.743248 ,10.575576 ,-34.409700
-15.089173 ,9.020500 ,-33.748010
-16.193274 ,7.738442 ,-33.153515
-16.982155 ,7.214528 ,-33.558215
-16.698911 ,7.587024 ,-32.759677
-17.576968 ,6.964352 ,-32.068822
-19.035066 ,6.551087 ,-31.105354
-20.339721 ,5.998176 ,-30.777852
-21.357378 ,5.518828 ,-29.700308
-22.127597 ,5.043551 ,-29.310632
-23.027517 ,4.122451 ,-29.236610
-23.117985 ,2.210529 ,-29.166483
-22.233485 ,1.083999 ,-29.075097
-22.104040 ,-1.450632 ,-28.837235
-21.413018 ,-2.664581 ,-29.530387
-27.423291 ,24.403156 ,0.896958
-27.461650 ,24.012804 ,2.497824
-26.917099 ,23.888383 ,3.592283
-27.104327 ,24.129550 ,4.967137
-25.824647 ,24.670404 ,7.029915
-24.949200 ,25.198042 ,10.342909
-23.683302 ,25.169686 ,11.868718
-22.488591 ,25.284853 ,14.320710
-21.314067 ,25.090085 ,16.436043
-19.691270 ,25.162889 ,18.388485
-17.298841 ,24.906038 ,21.226484
-14.175920 ,23.661553 ,24.322718
-12.099483 ,22.602073 ,26.564051
-9.194157 ,21.002789 ,28.182723
-7.481179 ,19.804467 ,28.446665
-6.947605 ,19.255613 ,28.835691
-8.118609 ,19.202890 ,27.783347
-10.627072 ,18.300133 ,27.909142
-13.312680 ,15.647563 ,28.773206
-14.349310 ,10.376499 ,30.691448
-15.714039 ,4.824559 ,30.627980
-17.636656 ,0.440761 ,29.295560
-19.447210 ,-4.039932 ,26.939287
-21.686326 ,-9.534931 ,23.024733
-24.306257 ,-13.078174 ,18.652938
-26.490137 ,-16.324669 ,12.604163
-28.001407 ,-19.093005 ,5.398207
-28.689000 ,-19.859575 ,-1.529269
-28.684730 ,-19.964622 ,-7.247701
-28.076785 ,-18.390843 ,-12.213659
-25.055479 ,2.563959 ,-28.086448
-24.868318 ,1.219096 ,-27.205663
-24.540454 ,0.065270 ,-26.519660
-24.992891 ,0.097811 ,-25.869458
-24.807776 ,0.651739 ,-26.794384
-24.033587 ,-0.734799 ,-26.907208
-23.150726 ,-1.444114 ,-27.177550
-21.615214 ,-2.325664 ,-28.187720
-20.009242 ,-0.936612 ,-29.735438
-17.859144 ,1.520837 ,-31.348537
-14.156250 ,5.145545 ,-33.176251
-8.381232 ,9.282974 ,-33.216884
-2.045975 ,12.734341 ,-32.691581
4.327124 ,15.033527 ,-31.210063
9.643532 ,15.379634 ,-29.334575
13.372544 ,15.469806 ,-27.599344
15.721394 ,16.877572 ,-26.451554
17.735323 ,18.253640 ,-23.256498
19.769569 ,18.702385 ,-21.727008
21.662396 ,18.249891 ,-20.105942
23.424585 ,18.379068 ,-18.361505
24.666921 ,18.949129 ,-16.784644
25.545365 ,19.267584 ,-15.594634
26.952898 ,19.370747 ,-13.770905
27.420505 ,19.942862 ,-11.138051
27.936312 ,20.830120 ,-9.559869
28.043362 ,22.476777 ,-6.803371
27.572613 ,23.388679 ,-5.319128
26.658104 ,25.519931 ,-4.964565
24.990621 ,27.040844 ,-5.239233
-21.825814 ,28.461218 ,-12.987179
-18.187530 ,31.267330 ,-8.971577
-15.045843 ,33.376335 ,-6.203359
-11.683746 ,35.357552 ,-5.385565
-9.420817 ,35.540626 ,-5.070293
-7.184095 ,35.849937 ,-4.689636
-5.592493 ,36.108279 ,-4.193657
-4.266031 ,36.093345 ,-3.051894
-2.837115 ,36.835761 ,-2.954274
-1.732068 ,36.468710 ,-2.957322
-0.518874 ,36.631101 ,-3.781592
0.964794 ,36.744345 ,-3.665436
2.047709 ,36.222741 ,-3.871272
3.216747 ,36.623201 ,-4.080043
3.942959 ,36.493978 ,-4.129501
4.024378 ,36.555072 ,-3.650986
4.222021 ,36.290783 ,-2.891466
4.011026 ,36.413683 ,-2.680897
3.404142 ,36.541233 ,-1.416814
2.568375 ,36.801811 ,-1.176211
1.482433 ,36.450937 ,-0.208748
0.437843 ,36.596286 ,0.132461
-0.260704 ,36.615913 ,-0.519227
-1.572410 ,36.770109 ,0.123122
-2.675511 ,36.308828 ,-0.096291
-4.110490 ,36.115303 ,0.183796
-5.288927 ,35.868247 ,-0.381735
-6.959629 ,35.556305 ,-0.834187
-8.778119 ,35.008107 ,-1.076305
-11.524466 ,33.723659 ,-0.567056
-30.015693 ,15.519007 ,9.534390
-27.860933 ,14.096467 ,15.180873
-26.180692 ,12.779804 ,18.971319
-23.271265 ,13.155487 ,22.347093
-21.303932 ,12.872317 ,24.210317
-18.580905 ,13.810132 ,26.436745
-16.065100 ,13.617959 ,27.439335
-13.936744 ,14.548475 ,28.851487
-11.703204 ,15.518111 ,29.676427
-9.726863 ,16.196204 ,29.816018
-8.560692 ,16.447657 ,29.548784
-7.925709 ,16.535143 ,30.015196
-7.132349 ,16.399162 ,30.467460
-6.886805 ,15.961777 ,30.262614
-7.336385 ,14.869306 ,31.004910
-8.085648 ,14.745704 ,30.391435
-10.202703 ,14.240479 ,30.146258
-11.624073 ,14.202257 ,29.009653
-13.740816 ,13.354534 ,28.618134
-16.084170 ,11.674867 ,28.147873
-17.839071 ,10.669673 ,27.937220
-19.201663 ,8.920831 ,26.486940
-21.351674 ,7.148575 ,25.252742
-23.132876 ,5.684868 ,24.094515
-25.784394 ,4.432581 ,21.890182
-28.052688 ,4.163217 ,18.715933
-29.771080 ,2.802359 ,15.644051
-31.455617 ,1.533044 ,12.473612
-32.926220 ,0.689015 ,9.523587
-34.474081 ,0.328539 ,5.209590
-7.771702 ,0.944936 ,29.611155
-9.045152 ,0.529814 ,29.748545
-10.134184 ,-0.611864 ,31.007338
-11.497213 ,-2.006638 ,31.504001
-11.526180 ,-4.225370 ,31.058571
-11.203874 ,-6.749447 ,31.174113
-10.391357 ,-9.514528 ,30.046011
-10.134994 ,-12.667760 ,29.601009
-9.824685 ,-15.331313 ,28.469741
-10.348525 ,-17.629811 ,27.607878
-10.805161 ,-19.518345 ,25.357687
-11.539134 ,-20.895647 ,23.892806
-12.014656 ,-22.887568 ,21.529989
-12.559488 ,-24.483083 ,17.615575
-12.968481 ,-26.764744 ,15.115435
-13.647195 ,-28.053156 ,12.183258
-14.102022 ,-29.068675 ,9.133559
-14.860268 ,-28.421700 ,6.503532
-15.765371 ,-29.313212 ,3.474780
-16.323641 ,-29.324252 ,0.853441
-16.655307 ,-28.262661 ,-3.319401
-17.448219 ,-27.536065 ,-6.814299
-18.675325 ,-26.139804 ,-9.675202
-19.636237 ,-24.950845 ,-11.018489
-20.194541 ,-23.641021 ,-11.199970
-21.576205 ,-22.848704 ,-11.726869
-22.381348 ,-21.482852 ,-12.795120
-23.696828 ,-19.786492 ,-14.165219
-24.643702 ,-18.014409 ,-15.418141
-24.408181 ,-16.596830 ,-16.989485
1.962648 ,16.376543 ,-36.113357
3.790464 ,17.408753 ,-34.099881
5.644641 ,19.834367 ,-31.553416
7.256788 ,22.518756 ,-28.882624
9.124116 ,25.752031 ,-25.189806
10.705519 ,28.548116 ,-19.881037
11.740113 ,31.794693 ,-14.899778
11.860710 ,34.253840 ,-8.727103
11.763899 ,35.076568 ,-3.990674
10.848319 ,35.354973 ,1.225603
10.057443 ,34.844453 ,3.014860
9.027233 ,35.584800 ,2.099476
8.621429 ,35.474601 ,3.320784
8.298227 ,34.881755 ,5.845699
8.090461 ,34.320258 ,8.328628
8.320057 ,33.846557 ,10.121271
8.930988 ,33.224087 ,12.019645
8.777110 ,32.423495 ,13.963079
8.883855 ,31.133800 ,16.179600
8.939954 ,30.151651 ,18.344561
8.268990 ,28.943966 ,19.701547
6.959379 ,28.721570 ,20.485627
5.580253 ,27.511692 ,22.704175
4.523713 ,25.907165 ,24.386922
3.470873 ,24.531924 ,25.234174
2.816434 ,23.189239 ,27.130880
1.281035 ,22.235466 ,27.615364
0.399895 ,21.354438 ,28.037482
-0.337601 ,21.504654 ,28.184618
-0.454667 ,21.440711 ,28.408613
-15.672023 ,-9.293067 ,26.226514
-14.064948 ,-4.167846 ,28.468250
-12.716514 ,-0.147236 ,30.823287
-10.825162 ,2.161596 ,31.609752
-9.382269 ,4.190167 ,31.878322
-8.513963 ,6.526676 ,32.342594
-7.546102 ,8.461491 ,32.135070
-7.641997 ,10.997639 ,31.807515
-7.069272 ,12.896205 ,31.330026
-6.995134 ,14.108053 ,30.444793
-7.334558 ,14.980202 ,30.587216
-7.786612 ,15.464635 ,30.027833
-8.089759 ,15.499854 ,30.561938
-8.955968 ,14.115369 ,31.097793
-9.408175 ,12.633358 ,31.838090
-9.899383 ,10.550156 ,32.169666
-10.628158 ,8.069097 ,32.446095
-11.302413 ,6.267301 ,32.918778
-12.050813 ,4.960458 ,32.799187
-12.256346 ,4.110723 ,32.925700
-12.446135 ,3.307908 ,32.401359
-12.621501 ,3.007401 ,32.899222
-12.551162 ,2.649364 ,33.345620
-12.313923 ,1.219607 ,32.859821
-12.435855 ,-0.792424 ,33.104372
-12.612187 ,-2.527312 ,32.283799
-12.331954 ,-4.774414 ,32.393911
-12.081408 ,-6.551388 ,32.617263
-12.020894 ,-8.873358 ,31.578594
-11.531994 ,-11.230564 ,31.629198
-0.614086 ,-31.966418 ,-11.716962
-0.078470 ,-31.536173 ,-11.690133
0.857671 ,-31.267399 ,-11.185999
1.117654 ,-31.088272 ,-13.101724
1.616780 ,-30.225473 ,-14.519989
1.401799 ,-29.016378 ,-16.912990
1.868210 ,-28.074815 ,-19.135519
2.501576 ,-27.748189 ,-19.671381
2.526854 ,-26.987435 ,-19.946400
2.026906 ,-26.748149 ,-21.714431
0.810275 ,-25.405091 ,-22.432956
-0.691637 ,-24.465942 ,-23.329197
-1.965949 ,-22.646948 ,-24.351648
-2.932974 ,-21.242921 ,-25.024865
-2.908036 ,-19.377292 ,-27.116710
-2.971685 ,-17.787745 ,-28.284429
-2.165042 ,-15.235005 ,-30.904834
-2.517642 ,-11.922713 ,-31.668403
-2.654710 ,-10.422578 ,-32.383307
-3.064608 ,-7.628544 ,-32.558668
-3.416781 ,-4.286386 ,-33.315090
-4.086904 ,-1.828899 ,-33.131101
-3.960088 ,1.626812 ,-33.744499
-4.449075 ,4.295363 ,-34.087146
-4.601494 ,5.407047 ,-33.843574
-4.938130 ,6.962689 ,-33.302402
-5.279153 ,7.813001 ,-33.205113
-6.536248 ,8.575542 ,-32.123357
-8.311975 ,10.070453 ,-31.682478
-9.610397 ,12.452286 ,-30.179209
-21.460613 ,27.782332 ,-9.885615
-21.000865 ,27.872536 ,-6.042990
-21.332495 ,28.434951 ,-3.111420
-20.726039 ,29.162352 ,-0.271880
-20.511088 ,28.873163 ,1.706750
-19.775517 ,28.963713 ,4.612827
-19.918119 ,28.454438 ,6.620506
-19.948643 ,27.243678 ,9.534945
-20.454695 ,26.818703 ,10.197560
-20.703101 ,26.159136 ,11.666672
-20.772954 ,25.122466 ,12.874855
-21.151182 ,23.991333 ,14.255669
-21.214028 ,23.067537 ,15.432182
-21.342972 ,22.274254 ,17.921118
-20.821462 ,21.103585 ,19.869853
-19.843594 ,21.014890 ,21.288527
-18.512302 ,19.973751 ,23.466799
-16.957912 ,17.804103 ,25.563003
-16.108963 ,16.586522 ,27.281268
-15.318336 ,14.273856 ,28.544371
-14.390726 ,12.444633 ,30.115261
-13.372956 ,10.349834 ,30.921267
-13.107931 ,8.183303 ,31.672832
-12.758422 ,6.562889 ,31.995587
-12.699118 ,5.171858 ,31.858880
-12.696828 ,3.874287 ,31.968592
-13.240206 ,3.060017 ,31.553633
-14.296439 ,1.889131 ,32.254045
-14.421215 ,0.394777 ,31.401442
-14.392577 ,-0.852027 ,31.639926
-7.045945 ,-31.854029 ,-0.153382
-5.515614 ,-32.823459 ,-1.306208
-3.939308 ,-32.556876 ,-3.996262
-2.346768 ,-32.037469 ,-7.589829
-1.478894 ,-31.233995 ,-10.440037
-0.285657 ,-30.379100 ,-12.024092
0.281314 ,-29.551163 ,-13.590904
0.965227 ,-28.633432 ,-15.616644
1.657879 ,-27.125988 ,-17.491763
2.175463 ,-25.399247 ,-21.676077
2.079259 ,-24.367647 ,-22.609797
0.723839 ,-22.365197 ,-23.925148
-0.511519 ,-19.815008 ,-25.244429
-1.757286 ,-18.498949 ,-26.182960
-2.316726 ,-17.568552 ,-26.548126
-3.081355 ,-16.992156 ,-26.877195
-4.605013 ,-15.237501 ,-27.710343
-5.860065 ,-12.980436 ,-28.450992
-7.451635 ,-10.762623 ,-29.225043
-8.435242 ,-8.088301 ,-28.638560
-10.849295 ,-7.193573 ,-28.437338
-12.402244 ,-4.983990 ,-29.141880
-14.079853 ,-2.032329 ,-28.892890
-14.981191 ,-0.098965 ,-28.315590
-15.977191 ,1.142495 ,-27.595223
-16.482510 ,2.733047 ,-27.998427
-17.037892 ,4.542727 ,-27.513670
-18.281954 ,6.636919 ,-26.299488
-19.942117 ,8.120045 ,-24.984445
-21.464502 ,9.847088 ,-24.417389
-5.305833 ,35.915001 ,1.569118
-4.678623 ,35.764714 ,6.586051
-2.817230 ,34.140428 ,11.537105
-1.327127 ,33.094521 ,14.121779
-0.387476 ,31.669978 ,16.209268
0.447886 ,31.135584 ,17.818797
0.893531 ,30.326384 ,19.600850
1.233982 ,28.289951 ,21.760380
1.868946 ,26.450757 ,22.844935
1.649103 ,26.249962 ,24.202415
1.229125 ,26.499131 ,24.911089
0.572032 ,25.477689 ,25.304920
0.192648 ,24.437225 ,26.631415
-0.518717 ,23.392079 ,27.606374
-1.467354 ,22.231197 ,28.703692
-2.216499 ,19.859780 ,29.681510
-2.364930 ,18.261625 ,30.827117
-3.084631 ,16.471062 ,31.018162
-2.871772 ,15.384371 ,32.191144
-3.162834 ,14.468838 ,32.164422
-3.441354 ,12.835012 ,33.124598
-3.304294 ,10.802428 ,34.399570
-3.311173 ,7.885997 ,34.555180
-4.130650 ,4.595334 ,35.347266
-4.495222 ,0.608863 ,35.249176
-5.227518 ,-3.296938 ,34.577692
-6.502166 ,-6.183189 ,33.600849
-7.716912 ,-8.862634 ,32.857565
-9.387678 ,-11.801730 ,30.680315
-11.488223 ,-15.133240 ,27.457785
-21.186740 ,-25.351275 ,-0.048127
-21.153097 ,-25.835916 ,-0.713361
-21.276929 ,-26.602631 ,-3.717753
-19.973736 ,-26.776366 ,-6.652683
-18.452403 ,-26.594031 ,-10.803645
-17.165752 ,-25.956551 ,-14.416740
-15.586351 ,-24.401024 ,-18.177117
-13.654463 ,-22.856352 ,-20.495502
-12.388557 ,-21.579125 ,-21.720073
-11.398866 ,-20.582069 ,-22.866601
-11.129164 ,-19.624826 ,-24.187996
-10.763081 ,-17.962409 ,-26.053606
-10.040270 ,-15.421619 ,-27.882188
-9.504878 ,-12.720970 ,-29.454550
-8.093308 ,-10.357793 ,-29.547502
-7.315523 ,-8.010496 ,-31.439530
-6.786435 ,-5.657201 ,-31.781324
-6.716511 ,-3.599995 ,-32.066104
-7.991142 ,-3.021828 ,-31.716188
-9.304179 ,-2.154273 ,-31.712242
-10.273786 ,-2.269075 ,-31.478238
-11.326727 ,-0.864311 ,-31.200993
-11.935398 ,0.279591 ,-31.328788
-12.189849 ,0.766978 ,-30.958509
-11.789778 ,1.873471 ,-31.657270
-12.041150 ,2.464691 ,-31.212733
-12.039362 ,3.550092 ,-31.152770
-12.575646 ,3.917561 ,-30.911252
-12.669947 ,5.441954 ,-31.208930
-12.372173 ,7.774566 ,-31.263089
-17.475244 ,30.609511 ,-1.439990
-19.384500 ,29.061391 ,1.128891
-19.890325 ,28.831411 ,3.339768
-19.890369 ,28.428708 ,4.775639
-20.041403 ,28.127006 ,6.931347
-19.906026 ,27.918665 ,8.459728
-19.460141 ,27.833903 ,9.875656
-18.631570 ,27.295984 ,11.727129
-18.344196 ,26.945376 ,12.801125
-18.059586 ,26.045249 ,14.579104
-18.713268 ,25.523448 ,15.654324
-18.840030 ,24.194007 ,15.835839
-19.848208 ,23.991740 ,16.924809
-19.470547 ,23.246517 ,18.393439
-18.550713 ,23.501929 ,19.298233
-17.449731 ,22.879955 ,20.350462
-15.865340 ,23.293740 ,21.494641
-14.704152 ,22.762481 ,23.039377
-14.982999 ,21.594630 ,23.894414
-14.912633 ,21.041233 ,24.381482
-14.531915 ,19.455419 ,25.438708
-14.654719 ,17.630352 ,26.747360
-14.372913 ,15.964091 ,28.142923
-14.142845 ,14.113228 ,29.327578
-13.909538 ,12.210602 ,29.945622
-13.693756 ,10.501267 ,30.658634
-13.648744 ,10.013624 ,31.249825
-12.911391 ,8.549626 ,31.817857
-12.806925 ,6.879260 ,31.331103
-13.369863 ,5.811630 ,30.813240
-17.780941 ,-25.255072 ,-15.559777
-17.985843 ,-24.169882 ,-15.582398
-17.941820 ,-23.826358 ,-14.965476
-18.747210 ,-22.614923 ,-16.235783
-18.729979 ,-21.747440 ,-17.685393
-18.802507 ,-21.148011 ,-18.248864
-18.953060 ,-19.934963 ,-19.323232
-19.327280 ,-18.559128 ,-20.362060
-19.504566 ,-16.694674 ,-21.946156
-20.087005 ,-13.925141 ,-23.625063
-19.809491 ,-10.612126 ,-25.184690
-20.423074 ,-8.233863 ,-25.716453
-21.735875 ,-5.502087 ,-25.633639
-22.548153 ,-3.512993 ,-25.243322
-23.435194 ,-1.707137 ,-24.648560
-23.878997 ,-0.097324 ,-24.278223
-24.965435 ,1.330442 ,-23.011253
-25.017913 ,3.182298 ,-23.660333
-24.791221 ,4.307229 ,-23.638808
-24.415241 ,5.314626 ,-23.708936
-24.821425 ,6.404738 ,-23.647576
-24.194856 ,7.919218 ,-23.958793
-23.968289 ,9.485239 ,-23.353506
-23.536540 ,12.510736 ,-22.558249
-22.642365 ,14.843628 ,-22.872383
-22.133175 ,16.464854 ,-22.326527
-21.157144 ,17.731637 ,-21.918777
-20.310543 ,18.477344 ,-21.802881
-19.498539 ,18.788474 ,-22.219040
-19.001362 ,19.758065 ,-21.686823
14.141609 ,23.317110 ,18.353236
16.913807 ,22.671260 ,17.683724
19.872377 ,22.847012 ,16.751273
22.514888 ,22.510930 ,15.838365
23.478911 ,22.244005 ,15.057378
24.485623 ,22.120585 ,14.215209
25.111510 ,21.538124 ,13.858754
25.820769 ,21.393823 ,13.286874
26.735053 ,21.189358 ,12.306591
27.521808 ,21.094106 ,10.964836
27.931249 ,21.257554 ,9.167841
28.058095 ,21.170436 ,7.470944
28.971140 ,21.436604 ,6.582148
28.876174 ,21.685520 ,3.813664
28.814759 ,22.677523 ,1.481924
28.294058 ,23.141576 ,-0.297632
28.065185 ,23.927265 ,-1.905625
27.329609 ,24.804691 ,-3.879972
26.679403 ,25.660080 ,-6.365646
25.747586 ,25.279212 ,-8.971431
25.508380 ,25.020829 ,-10.912658
24.624851 ,24.955811 ,-12.537796
23.928422 ,24.850289 ,-14.905138
22.894158 ,24.608164 ,-15.745862
22.794882 ,24.000938 ,-15.763070
22.415879 ,23.721672 ,-16.838556
22.427752 ,24.144711 ,-16.556782
22.396232 ,24.401013 ,-16.682620
21.665700 ,24.584986 ,-18.359212
21.095412 ,24.045529 ,-19.664316
-23.207723 ,20.823600 ,-11.802769
-24.905753 ,21.054117 ,-7.792348
-25.624503 ,20.669634 ,-3.793154
-26.374993 ,20.363485 ,-0.567920
-27.083668 ,19.488706 ,1.584994
-27.466074 ,18.351644 ,4.418478
-27.788408 ,17.952763 ,6.479063
-27.775687 ,16.285191 ,9.923656
-27.587270 ,15.451433 ,12.771859
-26.618867 ,14.189045 ,16.620899
-24.778801 ,13.788316 ,19.306290
-22.539453 ,13.284513 ,23.096098
-19.995125 ,13.217028 ,25.860774
-17.392581 ,13.402427 ,27.216402
-15.782561 ,13.431771 ,26.974828
-15.218367 ,14.283216 ,26.898137
-15.499829 ,14.377768 ,26.962998
-15.678064 ,13.893944 ,27.183474
-16.969874 ,12.936168 ,27.539984
-16.619106 ,11.755234 ,28.037990
-16.066511 ,11.040226 ,29.050500
-14.297567 ,11.059241 ,30.123364
-12.732505 ,11.463249 ,30.896291
-11.730464 ,10.472330 ,30.989645
-11.512591 ,9.869803 ,31.315910
-11.076260 ,9.799015 ,31.755266
-9.875516 ,10.886523 ,31.711605
-8.982732 ,11.274055 ,31.751020
-7.767168 ,11.382555 ,32.592191
-6.249813 ,11.433891 ,32.861700
25.325386 ,23.230455 ,10.882934
25.696645 ,23.294240 ,11.310591
25.373104 ,23.391030 ,11.199985
25.441274 ,23.734951 ,10.758431
25.557781 ,23.763574 ,11.427751
25.725000 ,23.780902 ,11.864378
25.511061 ,23.874042 ,11.538075
25.787849 ,23.980153 ,11.061566
25.292846 ,24.272858 ,10.791046
25.829288 ,24.560240 ,9.291590
25.921170 ,24.685860 ,7.371012
26.404117 ,24.541471 ,5.656611
27.132157 ,23.572453 ,3.576515
27.776239 ,22.998266 ,2.653079
28.128563 ,22.467312 ,1.711675
28.213986 ,22.192052 ,0.576027
28.555377 ,20.986446 ,-0.340815
29.113168 ,19.852167 ,-2.469613
29.242079 ,18.584535 ,-3.861781
30.185060 ,17.134750 ,-7.312323
30.315884 ,14.873506 ,-8.894290
30.270010 ,12.818995 ,-10.348985
30.321702 ,10.716796 ,-12.609310
29.571974 ,9.622168 ,-13.942630
28.804638 ,9.272604 ,-15.521912
28.545535 ,9.161221 ,-16.754711
27.456677 ,8.479295 ,-18.294541
26.749139 ,8.479338 ,-19.672607
26.235432 ,8.612724 ,-19.812813
25.870922 ,8.699493 ,-20.287827
-12.416401 ,23.090545 ,-24.238468
-14.026323 ,23.456856 ,-21.815983
-15.260618 ,23.853977 ,-19.275434
-16.801418 ,24.484144 ,-15.893548
-17.920445 ,24.930972 ,-13.629812
-19.139506 ,25.553303 ,-11.114721
-19.347076 ,26.244204 ,-8.203560
-20.088449 ,26.601734 ,-5.282742
-20.353210 ,26.336551 ,-2.594169
-21.136249 ,26.591951 ,0.636953
-20.998724 ,26.203344 ,2.720361
-21.016508 ,26.196634 ,5.784202
-20.515562 ,26.142488 ,8.222977
-20.131897 ,25.328003 ,10.343513
-19.162064 ,24.778760 ,14.091450
-18.227875 ,24.069139 ,16.993100
-16.973636 ,22.246699 ,20.330208
-14.948405 ,20.494472 ,23.835885
-12.373931 ,19.358841 ,26.397658
-10.341250 ,16.589280 ,28.760716
-8.553982 ,14.434368 ,29.941422
-7.298749 ,12.708418 ,31.256968
-6.724749 ,10.802384 ,32.272356
-5.962267 ,8.510620 ,33.110501
-5.222099 ,6.154544 ,33.721844
-4.688141 ,4.282160 ,33.940943
-4.904417 ,2.183415 ,34.440846
-5.865225 ,1.333939 ,34.194004
-6.996115 ,0.524246 ,33.184260
-8.259862 ,0.269147 ,33.138062
15.377847 ,32.145674 ,-13.110863
15.460622 ,32.076933 ,-9.853595
16.412002 ,31.622971 ,-8.052191
17.100707 ,31.750175 ,-6.154531
17.157347 ,31.994984 ,-6.481537
16.563375 ,32.305941 ,-5.983878
15.128580 ,32.571909 ,-6.921060
13.716679 ,33.208982 ,-8.127683
12.081197 ,33.213639 ,-10.263265
10.550890 ,32.776560 ,-12.888283
9.199652 ,32.422471 ,-14.948603
7.505050 ,31.173613 ,-17.983483
6.685488 ,29.568756 ,-21.377326
6.149278 ,27.053811 ,-24.385281
5.328959 ,24.456262 ,-26.470904
4.282605 ,21.937894 ,-29.480767
2.082647 ,19.133487 ,-31.375050
-0.720766 ,15.830509 ,-32.223032
-4.037578 ,12.613445 ,-32.514425
-7.127715 ,8.938247 ,-33.139620
-8.699165 ,6.307569 ,-32.753055
-10.197079 ,3.379811 ,-32.511039
-10.521305 ,0.294474 ,-32.219849
-11.215953 ,-1.411442 ,-32.172953
-11.921457 ,-2.445142 ,-31.470349
-13.035418 ,-3.353703 ,-30.805945
-14.672083 ,-2.871178 ,-31.268793
-15.102827 ,-2.919808 ,-31.736493
-14.987019 ,-2.330373 ,-32.558329
-14.027132 ,-1.183958 ,-34.207397
-0.420261 ,30.418899 ,15.673997
-3.536215 ,29.824281 ,17.008270
-5.921608 ,28.520995 ,18.997741
-6.398915 ,27.190274 ,21.187725
-6.767857 ,26.083106 ,21.948068
-7.642661 ,25.199289 ,22.567161
-8.175057 ,26.238253 ,21.437130
-10.396368 ,26.854331 ,18.183503
-12.751010 ,28.125143 ,15.180721
-15.482529 ,28.475858 ,12.428360
-16.495312 ,29.612258 ,11.068966
-17.236667 ,30.012369 ,9.464536
-17.798962 ,29.393260 ,7.971700
-19.154341 ,29.247112 ,5.514775
-19.625816 ,29.171329 ,3.790104
-20.043934 ,29.934358 ,1.063859
-19.487921 ,29.610053 ,-0.607650
-19.751005 ,29.379207 ,-2.391185
-19.099754 ,30.090914 ,-3.128763
-17.892623 ,30.544485 ,-2.845222
-16.428000 ,31.537411 ,-1.917753
-14.617340 ,32.129879 ,-2.153216
-13.111809 ,32.713358 ,-1.906962
-11.654578 ,33.158803 ,-0.419454
-10.647670 ,33.357118 ,-0.191879
-9.557521 ,32.885669 ,1.848983
-8.450481 ,33.046425 ,4.736219
-8.076835 ,32.173987 ,7.235575
-7.658635 ,30.773282 ,10.546118
-8.946858 ,29.898576 ,11.900289
-32.585578 ,-9.552831 ,-8.997415
-32.127294 ,-9.642285 ,-11.939175
-31.424299 ,-10.077598 ,-14.678559
-29.840834 ,-10.334591 ,-17.943373
-27.608393 ,-10.859130 ,-20.009789
-25.443824 ,-10.844140 ,-23.160724
-22.773441 ,-10.215236 ,-26.568447
-19.193673 ,-9.453048 ,-28.918627
-15.586198 ,-8.497937 ,-31.126922
-13.004060 ,-7.663662 ,-31.665400
-11.003173 ,-6.931754 ,-32.131069
-10.019359 ,-6.252186 ,-32.039881
-9.942403 ,-5.190845 ,-32.355364
-8.484685 ,-4.679740 ,-33.350530
-6.438946 ,-3.936262 ,-33.557611
-5.449084 ,-2.473706 ,-33.212770
-5.615793 ,-1.375017 ,-33.635320
-5.770841 ,1.070952 ,-33.971114
-4.985954 ,4.823133 ,-34.574337
-3.709149 ,9.682204 ,-33.255320
-2.982556 ,14.595056 ,-32.288431
-1.917863 ,19.592291 ,-29.215585
-1.707781 ,24.685589 ,-26.452715
-1.324138 ,29.552740 ,-21.425999
-1.212619 ,32.475455 ,-16.758480
-1.434307 ,34.240219 ,-12.471190
-0.747505 ,35.982133 ,-8.251495
-0.488741 ,36.737308 ,-4.901933
-0.588621 ,37.123864 ,-2.656143
-0.437303 ,37.060776 ,0.240158
-11.294283 ,23.852136 ,19.195761
-10.149918 ,22.452214 ,21.751293
-9.744722 ,20.747183 ,23.817385
-10.035187 ,18.740688 ,25.160885
-11.097383 ,16.183447 ,26.410866
-12.900851 ,14.181807 ,26.704862
-13.335019 ,13.275900 ,26.983423
-14.169789 ,13.581375 ,25.664756
-14.647463 ,14.344055 ,26.061391
-15.047967 ,13.276575 ,25.609497
-16.492381 ,12.415507 ,24.378140
-19.558327 ,10.214315 ,22.847100
-23.348042 ,7.688719 ,19.049340
-27.178363 ,6.696447 ,14.357836
-30.140104 ,6.427692 ,8.209502
-31.588392 ,7.406113 ,5.127835
-32.235142 ,8.319087 ,2.285826
-32.184091 ,8.543069 ,-0.242851
-32.597387 ,8.764011 ,-2.257400
-32.246773 ,8.508804 ,-4.663155
-31.868691 ,8.944766 ,-7.713592
-31.044487 ,9.192930 ,-9.997297
-30.204755 ,10.429541 ,-13.808087
-28.437498 ,11.734600 ,-16.211738
-26.361785 ,14.306180 ,-19.024457
-23.780678 ,17.478833 ,-21.200972
-20.255950 ,19.847808 ,-21.745288
-17.251271 ,22.613675 ,-22.002573
-14.749201 ,24.912228 ,-21.256030
-12.842981 ,26.092017 ,-21.133638
-30.321283 ,-13.714853 ,-10.238189
-30.193849 ,-17.968188 ,-2.484832
-28.408211 ,-21.338318 ,4.539493
-25.420023 ,-23.039947 ,11.231829
-21.109687 ,-23.476331 ,19.122859
-14.903498 ,-21.373694 ,25.860197
-8.767558 ,-18.331016 ,30.228422
-2.171821 ,-13.887803 ,32.753112
3.169776 ,-10.330531 ,34.302866
7.455522 ,-7.234541 ,34.613344
9.452696 ,-5.643470 ,34.309100
10.632062 ,-4.353460 ,34.239084
11.255255 ,-2.466081 ,33.521327
12.415794 ,-1.739059 ,34.563530
12.624855 ,-1.019606 ,34.121244
12.490083 ,0.044743 ,34.018046
12.299000 ,0.604425 ,34.079181
12.279289 ,1.245227 ,33.789264
12.948728 ,1.175048 ,33.774878
13.252314 ,0.754195 ,34.010581
12.632585 ,-1.473812 ,34.453447
11.537276 ,-5.265706 ,34.025401
8.752652 ,-10.307038 ,33.210855
5.201819 ,-15.799361 ,31.098489
1.843383 ,-20.322211 ,27.298780
-0.757175 ,-23.968398 ,23.322575
-3.060966 ,-26.549293 ,20.422820
-4.662972 ,-28.270917 ,16.966629
-5.151446 ,-30.113127 ,13.042552
-5.505232 ,-31.001800 ,9.033480
-15.169030 ,12.011653 ,-30.283366
-19.574892 ,14.697474 ,-25.332465
-23.165206 ,16.873648 ,-18.939516
-26.371922 ,17.884748 ,-12.615161
-28.469915 ,18.228898 ,-6.796317
-29.622517 ,17.787129 ,-1.100849
-30.285781 ,16.893365 ,2.915165
-30.560415 ,15.435640 ,6.218458
-31.025758 ,13.835683 ,8.382487
-30.846482 ,12.754004 ,9.191090
-31.101127 ,12.782158 ,9.197283
-31.220886 ,13.048990 ,8.818650
-31.599528 ,11.816107 ,9.981506
-31.756971 ,10.324850 ,11.503572
-31.364768 ,7.814090 ,13.331240
-31.240717 ,6.273347 ,14.780226
-30.880643 ,5.459476 ,16.846999
-29.985561 ,4.686676 ,17.871821
-29.454731 ,3.877060 ,18.680685
-28.616553 ,3.243752 ,20.397672
-28.250405 ,3.842238 ,20.106164
-27.715299 ,4.450774 ,20.758387
-27.752307 ,5.116217 ,20.830715
-27.700406 ,5.800890 ,21.170560
-27.917278 ,5.328560 ,21.094491
-28.134210 ,4.972213 ,20.767048
-28.833730 ,5.284291 ,19.573876
-29.119306 ,6.098683 ,19.590316
-29.539261 ,6.427489 ,18.928340
-29.662574 ,7.054272 ,19.043735
26.263264 ,-15.190464 ,-19.065252
26.555885 ,-15.274409 ,-15.172733
27.557717 ,-16.389216 ,-11.672765
28.768277 ,-17.022852 ,-7.673417
29.033863 ,-17.771105 ,-4.483388
28.928011 ,-18.630402 ,-1.039371
29.006065 ,-19.556850 ,2.472313
27.991501 ,-20.293524 ,6.860157
26.873179 ,-20.562291 ,12.001924
25.204114 ,-20.042985 ,17.302955
22.483176 ,-19.055050 ,21.298376
19.343054 ,-17.607921 ,25.984316
15.201440 ,-15.028359 ,30.113323
11.402452 ,-11.762569 ,32.526301
8.315002 ,-8.815891 ,34.021965
5.511393 ,-7.472496 ,33.575621
4.320441 ,-6.245928 ,33.676805
5.441639 ,-7.446307 ,32.763313
7.858378 ,-10.189260 ,31.892920
10.998073 ,-12.940534 ,28.814819
14.809938 ,-15.343439 ,25.269935
18.406718 ,-16.909871 ,20.759917
21.828183 ,-18.271179 ,15.968662
24.013534 ,-18.939777 ,9.310033
26.380629 ,-18.578619 ,1.976710
27.442914 ,-17.601215 ,-6.627443
26.620776 ,-14.783289 ,-14.390798
24.236407 ,-11.005433 ,-22.439849
20.333283 ,-5.114946 ,-28.081150
14.770192 ,1.821547 ,-31.182886
-33.330215 ,6.122169 ,7.637958
-32.730727 ,3.021800 ,11.493760
-32.268196 ,0.932146 ,14.286152
-30.929114 ,-0.249664 ,15.831161
-30.635806 ,-0.690789 ,16.429995
-30.529145 ,-1.964166 ,17.511335
-29.936377 ,-2.206227 ,18.994998
-29.077582 ,-3.673828 ,20.391874
-27.928816 ,-5.305091 ,21.324165
-27.046861 ,-5.992723 ,22.150587
-26.689135 ,-5.808279 ,23.037580
-26.311304 ,-4.899626 ,24.625961
-25.142690 ,-3.959270 ,25.423217
-23.909947 ,-3.331392 ,27.142676
-21.985455 ,-2.778001 ,28.636704
-20.120736 ,-1.423675 ,30.147365
-18.405611 ,-1.164339 ,30.632335
-16.615487 ,-1.512033 ,32.210607
-14.217524 ,-0.810350 ,32.991982
-11.933672 ,-1.007897 ,34.259265
-8.586372 ,-0.293191 ,35.102519
-4.933303 ,1.915621 ,35.858659
-0.188264 ,4.434086 ,35.390884
5.052031 ,7.656017 ,33.643220
9.199036 ,11.089556 ,32.294702
12.208789 ,13.516341 ,31.134558
14.355558 ,16.024847 ,28.052750
17.003226 ,18.503278 ,24.693074
19.872202 ,20.563249 ,22.406166
21.097598 ,22.420811 ,19.355907
20.812716 ,13.694618 ,23.823671
17.553007 ,11.163684 ,27.420858
14.072024 ,8.285829 ,30.554128
9.863313 ,5.564914 ,32.329076
5.077831 ,2.339451 ,33.494292
-0.478907 ,-0.763763 ,33.088376
-5.406290 ,-3.790785 ,31.847450
-9.617962 ,-7.093676 ,29.809782
-13.830184 ,-11.107843 ,27.222519
-16.958303 ,-12.808581 ,25.243285
-19.368546 ,-13.746036 ,22.096680
-21.529103 ,-14.879268 ,20.179452
-22.758844 ,-16.664276 ,17.659737
-23.781017 ,-17.774254 ,14.660500
-24.666072 ,-19.792831 ,11.353699
-24.639378 ,-20.818379 ,9.228229
-24.987298 ,-22.142409 ,6.844857
-24.305408 ,-23.467040 ,4.987800
-23.936032 ,-24.506387 ,2.420034
-23.095156 ,-25.012389 ,-0.548258
-21.937584 ,-25.849342 ,-3.796220
-20.566710 ,-26.452076 ,-4.997545
-19.062435 ,-27.001058 ,-7.269591
-17.593676 ,-27.805146 ,-9.009484
-16.082186 ,-28.335018 ,-9.480793
-15.097859 ,-27.905365 ,-11.807166
-14.390435 ,-27.161021 ,-13.746373
-13.837704 ,-26.527677 ,-14.811463
-13.650278 ,-25.983281 ,-16.114487
-13.236043 ,-25.579513 ,-16.908497
4.075836 ,-29.935352 ,-15.826449
0.540899 ,-28.961626 ,-16.957758
-3.289728 ,-27.988017 ,-18.220031
-6.631289 ,-26.062531 ,-20.327163
-9.026805 ,-23.509731 ,-22.373879
-10.571520 ,-21.242410 ,-23.964237
-11.024441 ,-18.678383 ,-25.877941
-11.119936 ,-16.194750 ,-27.763372
-10.780872 ,-13.991502 ,-29.221596
-10.268444 ,-11.319568 ,-30.370599
-9.505201 ,-9.016464 ,-31.800929
-9.096866 ,-6.598762 ,-32.510885
-8.016562 ,-5.253892 ,-32.274800
-6.980250 ,-3.984077 ,-33.612882
-5.240846 ,-2.562081 ,-33.741716
-3.404927 ,-2.428279 ,-33.326540
-3.050375 ,-1.208590 ,-34.104131
-2.648548 ,-0.112639 ,-34.068752
-2.283825 ,0.720391 ,-34.000532
-1.607595 ,0.653735 ,-34.256862
-1.284694 ,1.073397 ,-33.593873
-1.149432 ,2.560135 ,-33.769820
-0.773365 ,3.256187 ,-33.547906
-0.722434 ,3.560359 ,-33.838135
-0.537907 ,3.982306 ,-33.399236
-0.898792 ,5.351016 ,-32.893994
-1.879488 ,6.060057 ,-33.171697
-3.268873 ,7.357914 ,-32.911737
-4.829257 ,8.823431 ,-31.888181
-7.032588 ,10.964822 ,-31.281857
2.186491 ,2.671027 ,-38.350763
2.694159 ,5.030238 ,-37.550853
3.922621 ,6.568122 ,-36.601378
5.454457 ,7.764636 ,-35.213071
5.790344 ,9.594359 ,-34.660915
4.785071 ,10.997681 ,-34.260992
3.529126 ,11.566624 ,-33.781689
1.753508 ,11.864854 ,-33.996829
-0.741286 ,11.986418 ,-33.204484
-3.869269 ,11.172947 ,-33.327727
-7.935306 ,10.689105 ,-32.329542
-12.208028 ,10.187768 ,-30.732725
-15.860371 ,9.310256 ,-29.253423
-19.883872 ,8.970732 ,-26.288678
-23.681779 ,7.523139 ,-23.784528
-26.914906 ,6.371742 ,-20.773951
-29.557507 ,3.952443 ,-18.398579
-31.035406 ,1.510505 ,-16.505933
-31.881954 ,-0.504990 ,-16.361269
-31.842175 ,-2.207503 ,-15.684517
-31.538745 ,-4.062092 ,-16.290557
-30.816117 ,-5.792093 ,-17.028121
-29.984078 ,-7.415214 ,-17.332295
-29.228142 ,-8.487926 ,-17.397323
-28.736801 ,-10.070325 ,-16.525597
-28.628477 ,-10.215165 ,-16.300443
-28.678670 ,-10.073114 ,-16.304187
-28.959608 ,-10.623946 ,-15.639769
-28.481313 ,-11.069334 ,-15.178435
-29.076599 ,-11.270966 ,-13.939449
10.523731 ,-29.907864 ,0.406955
11.770491 ,-30.196769 ,-1.317590
12.422877 ,-29.555184 ,-2.909100
13.524197 ,-29.045528 ,-5.013294
15.346679 ,-28.383876 ,-6.929077
17.551536 ,-25.573602 ,-8.046090
19.790642 ,-22.913134 ,-11.232940
21.540579 ,-20.440386 ,-13.056389
22.847339 ,-17.543962 ,-15.377513
24.241866 ,-15.520156 ,-14.800276
25.631600 ,-13.736670 ,-15.226025
26.991022 ,-12.865502 ,-13.695011
28.301557 ,-11.405310 ,-11.992597
30.278768 ,-8.411470 ,-11.394793
32.150978 ,-4.410209 ,-11.095085
33.218009 ,0.499601 ,-11.319785
33.863763 ,4.864989 ,-11.391801
33.584475 ,8.758857 ,-9.324007
33.645422 ,13.175712 ,-8.561374
33.008637 ,16.215343 ,-7.688624
31.718583 ,19.058322 ,-6.471722
30.632860 ,21.817647 ,-4.550664
29.358863 ,24.399359 ,-3.912033
27.930538 ,25.687303 ,-3.501909
26.223960 ,27.316585 ,-4.558786
24.574691 ,28.962721 ,-5.197843
22.375619 ,29.988507 ,-6.716432
20.282387 ,31.034840 ,-8.572257
17.306704 ,32.480001 ,-9.404157
14.065419 ,33.508336 ,-10.027047
-24.453129 ,-17.247486 ,-20.734414
-23.660344 ,-19.482966 ,-18.065033
-22.995069 ,-22.199543 ,-15.862047
-22.077680 ,-22.990929 ,-13.012737
-21.491311 ,-24.336902 ,-10.824729
-21.219120 ,-25.681366 ,-8.889389
-20.539226 ,-26.319652 ,-8.463899
-20.520658 ,-25.870762 ,-6.850613
-20.193497 ,-26.168751 ,-6.812627
-19.894588 ,-26.766866 ,-6.234025
-19.430696 ,-27.992823 ,-5.156538
-18.596415 ,-28.246489 ,-4.315315
-17.310013 ,-29.704904 ,-2.314079
-15.863642 ,-29.864265 ,-1.491551
-14.742879 ,-30.590363 ,-0.482546
-14.376074 ,-31.112919 ,0.604174
-13.355399 ,-31.100985 ,1.296460
-12.647033 ,-31.432983 ,2.316192
-12.274305 ,-31.181009 ,3.202708
-12.078689 ,-31.668807 ,4.396682
-11.974309 ,-31.507374 ,6.244005
-11.043344 ,-31.429669 ,7.530065
-10.709650 ,-31.494616 ,9.078140
-10.237700 ,-31.347164 ,11.028775
-10.135750 ,-30.116757 ,13.034520
-10.215023 ,-29.579233 ,15.210711
-11.047980 ,-28.034353 ,17.309196
-11.838100 ,-26.066037 ,20.197427
-13.197559 ,-23.027725 ,22.385216
-15.443556 ,-20.222914 ,24.244045
10.995944 ,-24.383109 ,-25.155776
7.691772 ,-21.376867 ,-27.905348
5.071881 ,-18.475389 ,-29.298812
4.072627 ,-16.405767 ,-30.429182
2.838289 ,-13.676706 ,-32.205003
1.391212 ,-11.487414 ,-33.011631
-0.797268 ,-7.868907 ,-34.053005
-3.328042 ,-3.939493 ,-34.474794
-6.012828 ,0.595650 ,-34.373332
-9.155041 ,5.036547 ,-32.621246
-13.083243 ,8.735369 ,-30.687993
-15.587230 ,11.900397 ,-28.994362
-18.088744 ,14.247376 ,-26.153830
-19.648490 ,16.112824 ,-24.288637
-21.169463 ,17.505399 ,-23.383761
-22.027851 ,18.648234 ,-21.991520
-22.352371 ,19.404124 ,-20.008305
-22.495050 ,20.394307 ,-18.082931
-24.283757 ,21.567088 ,-15.042578
-25.322027 ,22.440201 ,-12.169458
-26.431018 ,23.442862 ,-9.482178
-27.121137 ,22.811116 ,-7.029521
-27.801088 ,22.689062 ,-4.591489
-27.721754 ,22.696970 ,-1.456510
-28.091991 ,22.608684 ,0.862780
-28.300960 ,22.287891 ,4.840295
-28.803907 ,21.341870 ,6.834678
-28.846625 ,19.741523 ,9.224726
-28.979908 ,17.975407 ,12.680992
-28.960082 ,15.467719 ,15.161972
-8.915276 ,-31.729186 ,-3.463748
-7.548415 ,-32.015336 ,-6.886721
-5.717180 ,-31.336997 ,-9.438020
-3.689494 ,-30.808465 ,-12.419406
-0.445760 ,-29.017584 ,-16.135010
2.086791 ,-26.689858 ,-18.966715
4.730010 ,-23.162849 ,-23.355646
6.475333 ,-18.881596 ,-25.916739
7.434705 ,-14.091952 ,-28.776362
7.704947 ,-9.834559 ,-29.850572
7.752747 ,-6.434487 ,-31.320798
8.267488 ,-3.236632 ,-32.053649
8.216625 ,-0.693253 ,-32.341969
8.787380 ,1.590365 ,-32.507331
8.851903 ,3.038105 ,-32.609420
9.271250 ,4.235790 ,-31.825869
10.265764 ,4.639164 ,-31.798409
11.327515 ,5.689408 ,-31.399776
12.159798 ,7.032720 ,-31.171976
12.074872 ,8.581784 ,-30.054807
12.843075 ,9.348715 ,-29.888882
13.476033 ,10.297877 ,-29.435049
14.507899 ,11.118589 ,-29.238373
14.920146 ,11.481154 ,-28.730453
14.741002 ,12.087174 ,-28.760386
14.718668 ,11.699794 ,-28.921968
14.643037 ,11.580302 ,-28.983297
14.622115 ,10.944358 ,-29.050426
14.529260 ,9.281429 ,-29.105054
14.785503 ,6.895618 ,-29.258552
5.818881 ,-30.693903 ,4.929142
4.368088 ,-32.046538 ,0.890056
2.304749 ,-32.603438 ,-3.551852
-0.089046 ,-31.661011 ,-7.701250
-3.364152 ,-29.719929 ,-12.946385
-7.308149 ,-26.839866 ,-16.078741
-12.727043 ,-22.473295 ,-19.607440
-18.744644 ,-16.336590 ,-19.920836
-23.221093 ,-12.001063 ,-17.720110
-27.272033 ,-7.056355 ,-16.005782
-30.038688 ,-2.499970 ,-13.251610
-31.959329 ,0.840380 ,-10.451439
-32.952016 ,3.534471 ,-8.117738
-33.520714 ,4.365756 ,-7.846209
-33.612211 ,6.140859 ,-6.301264
-33.780357 ,7.909619 ,-4.872289
-33.892708 ,8.792291 ,-3.791760
-33.827600 ,9.928214 ,-2.005299
-33.653634 ,11.132692 ,-0.246453
-33.722441 ,11.683147 ,-0.007064
-33.578588 ,11.584031 ,0.180785
-34.139316 ,9.976719 ,-0.836108
-34.623705 ,7.372346 ,-1.767871
-35.201732 ,4.031538 ,-2.064077
-34.927620 ,0.462024 ,-4.810152
-35.046113 ,-3.490725 ,-6.095958
-33.844172 ,-7.760803 ,-5.010077
-33.133613 ,-12.217115 ,-5.791690
-30.753369 ,-16.385835 ,-5.469831
-28.345048 ,-20.318969 ,-4.325728
20.790687 ,-19.864785 ,11.689668
25.425159 ,-19.919581 ,6.738488
27.714069 ,-18.855082 ,2.032961
29.554256 ,-17.288588 ,-1.325392
31.289042 ,-14.404448 ,-4.154071
31.874335 ,-11.735767 ,-8.690275
32.239070 ,-7.632900 ,-11.998692
31.941879 ,-4.023410 ,-15.170794
31.087578 ,0.280280 ,-17.910097
29.136897 ,4.348390 ,-20.932395
26.359169 ,8.978034 ,-23.279324
22.979345 ,13.629188 ,-25.321387
19.111817 ,17.954481 ,-25.248934
14.493275 ,21.218768 ,-25.201367
9.723145 ,23.573266 ,-24.472271
5.453691 ,25.012461 ,-24.976679
3.102688 ,25.202487 ,-24.710150
1.913834 ,24.878369 ,-25.131151
1.067627 ,24.704509 ,-24.899722
-0.384956 ,24.167857 ,-25.772882
-2.435435 ,24.087646 ,-25.847976
-5.055600 ,23.946060 ,-25.048444
-7.529858 ,23.819411 ,-24.698216
-9.811515 ,23.620784 ,-24.461552
-11.360011 ,23.020649 ,-25.132714
-12.596601 ,20.866987 ,-25.982726
-13.153380 ,19.419975 ,-26.684032
-14.246830 ,18.129228 ,-27.564476
-14.968004 ,16.081856 ,-28.270138
-15.456281 ,13.822555 ,-28.715234
-26.704837 ,23.889946 ,-13.091821
-23.858067 ,27.767146 ,-9.436072
-20.187111 ,30.758994 ,-7.381737
-16.751392 ,32.217689 ,-6.659817
-13.390863 ,33.858491 ,-7.176363
-10.639457 ,34.861461 ,-6.342126
-9.079773 ,35.099285 ,-5.476171
-8.488984 ,35.170911 ,-7.053902
-8.143327 ,34.676456 ,-10.016254
-7.974099 ,33.571911 ,-13.353971
-8.081858 ,31.833403 ,-17.017112
-7.719372 ,29.515808 ,-21.344622
-6.844002 ,26.205403 ,-25.156294
-6.261385 ,21.770835 ,-28.552871
-6.467654 ,18.816925 ,-30.052844
-7.013359 ,16.220000 ,-31.531541
-9.060969 ,14.513374 ,-30.508513
-12.331589 ,13.678269 ,-30.757281
-15.154933 ,13.065839 ,-29.609670
-16.842262 ,11.256278 ,-29.594524
-17.993389 ,7.907191 ,-29.584460
-18.551160 ,3.517362 ,-28.813044
-19.599087 ,-0.472452 ,-27.957930
-20.330664 ,-3.665305 ,-25.590534
-23.545142 ,-5.403443 ,-21.882282
-26.231779 ,-6.350526 ,-18.235930
-28.775438 ,-6.900454 ,-14.530024
-30.609809 ,-6.547331 ,-10.253564
-32.896958 ,-5.314502 ,-6.413625
-34.143552 ,-3.763928 ,-1.779246
7.118574 ,10.985483 ,28.133164
8.416778 ,10.395686 ,29.645508
9.384614 ,9.871372 ,30.616196
9.929300 ,9.027860 ,31.183896
9.237331 ,7.736003 ,32.132822
7.331116 ,7.332094 ,32.755792
6.414649 ,5.621601 ,34.058890
5.685473 ,4.553239 ,34.034842
5.498121 ,4.112996 ,34.867248
3.593120 ,3.725835 ,34.846882
2.873366 ,2.325993 ,34.956589
1.723735 ,1.314919 ,35.439697
0.262288 ,0.457837 ,35.486411
-1.639756 ,-0.558495 ,35.460147
-3.704494 ,-1.485703 ,34.889933
-4.083534 ,-2.394078 ,34.845027
-2.933561 ,-4.541041 ,35.694051
-1.226773 ,-7.406615 ,35.202668
0.237587 ,-9.946620 ,34.357954
0.405049 ,-12.552324 ,33.304289
0.725110 ,-14.306789 ,32.515762
0.161419 ,-16.853974 ,30.695259
-0.747018 ,-19.223413 ,29.897205
-1.559547 ,-21.875729 ,26.934951
-2.059498 ,-24.637293 ,24.423599
-1.783740 ,-27.919766 ,20.992447
-1.802610 ,-29.790304 ,17.175309
-2.586013 ,-31.708100 ,13.159221
-3.691271 ,-32.716145 ,8.241453
-4.061295 ,-33.167405 ,4.543269
-21.409317 ,12.586497 ,-28.911849
-21.652512 ,10.903068 ,-28.653433
-21.738266 ,8.695047 ,-28.828535
-20.773701 ,5.104957 ,-29.818505
-18.820429 ,0.757220 ,-30.272544
-16.985448 ,-5.065441 ,-29.801177
-14.624930 ,-10.623227 ,-28.226508
-12.434878 ,-16.263787 ,-25.143094
-10.232166 ,-21.079187 ,-21.609694
-8.025724 ,-25.256590 ,-17.639023
-6.626303 ,-28.613045 ,-11.747643
-5.616324 ,-31.214345 ,-3.852514
-4.404416 ,-32.490233 ,5.740112
-4.300131 ,-31.301441 ,13.247218
-5.162361 ,-29.078751 ,17.687990
-6.022261 ,-25.989788 ,21.798480
-7.282593 ,-23.311413 ,25.099492
-8.457945 ,-19.070830 ,28.683318
-9.261786 ,-15.270717 ,30.772732
-9.617718 ,-11.056860 ,32.432300
-9.442221 ,-7.005474 ,33.658054
-9.921849 ,-3.879469 ,33.286380
-10.489806 ,-0.566084 ,34.429847
-10.087462 ,1.505382 ,33.830646
-8.971828 ,2.697460 ,34.289555
-7.722311 ,4.203791 ,34.317109
-6.156946 ,7.232101 ,33.886736
-5.642979 ,8.905074 ,33.440819
-5.385496 ,9.808334 ,33.784379
-4.763975 ,10.931081 ,33.622440
0.885028 ,-19.778122 ,-28.716496
-6.775625 ,-16.092823 ,-28.640762
-13.705785 ,-11.980638 ,-27.691766
-20.324199 ,-8.453190 ,-23.962147
-25.388262 ,-6.590465 ,-20.950744
-27.642819 ,-6.931003 ,-19.167592
-29.300140 ,-8.708692 ,-18.228819
-28.910467 ,-9.028426 ,-18.733195
-27.139101 ,-9.528393 ,-20.641390
-26.011181 ,-8.659031 ,-22.220277
-25.267789 ,-5.771914 ,-24.159126
-24.767072 ,-3.194757 ,-24.974229
-24.322531 ,-0.910693 ,-26.793273
-23.346448 ,2.983503 ,-26.242080
-22.785666 ,8.269104 ,-25.747702
-23.047813 ,14.707731 ,-22.989921
-22.323401 ,20.534667 ,-20.470160
-20.481010 ,24.571081 ,-17.939912
-18.623441 ,27.379388 ,-14.914649
-17.942766 ,29.096201 ,-11.557349
-17.181803 ,30.992820 ,-8.684212
-16.173724 ,32.239730 ,-4.794615
-15.015701 ,32.815081 ,-1.540943
-14.266165 ,33.141170 ,0.620686
-14.162370 ,33.098998 ,2.039668
-15.303463 ,32.221408 ,3.663631
-17.219677 ,30.444690 ,4.934199
-19.545089 ,29.329146 ,5.356735
-22.411973 ,27.147549 ,4.119597
-25.239295 ,23.721108 ,1.426436
-21.641998 ,6.361834 ,-23.336151
-30.470633 ,4.953801 ,-10.317534
-34.530069 ,3.146422 ,0.415181
-35.015588 ,-0.017977 ,7.693350
-33.958396 ,-1.372783 ,12.280634
-32.290066 ,-3.174575 ,14.897386
-31.245662 ,-4.071438 ,16.284626
-30.354587 ,-5.249454 ,18.397174
-29.402974 ,-6.390495 ,20.571744
-27.506005 ,-7.552073 ,22.014088
-26.093498 ,-8.283831 ,23.032949
-25.370759 ,-8.810990 ,24.086262
-24.279922 ,-9.533686 ,24.844528
-24.011795 ,-10.809487 ,24.607216
-22.509430 ,-13.414556 ,25.179612
-20.767035 ,-15.990008 ,26.410319
-17.375188 ,-18.114181 ,26.728814
-14.258955 ,-19.387522 ,27.139217
-11.450027 ,-21.121700 ,27.152570
-8.905484 ,-23.585291 ,25.669535
-7.367855 ,-25.021509 ,24.160549
-6.396079 ,-26.957312 ,21.701644
-5.642091 ,-28.636242 ,18.989591
-4.819711 ,-30.122617 ,15.422046
-2.837987 ,-31.872704 ,9.899673
-0.674445 ,-33.302074 ,0.913382
1.367636 ,-32.084368 ,-8.312135
2.008373 ,-28.938929 ,-17.325071
1.077690 ,-22.944160 ,-24.131875
-1.721099 ,-17.526854 ,-28.647334
0.857654 ,-1.275260 ,31.256577
-1.305564 ,1.575275 ,32.058238
-1.953144 ,1.617550 ,32.981714
-1.959316 ,-0.448176 ,33.889188
-1.135908 ,-2.113835 ,34.455464
0.600510 ,-3.712915 ,33.946684
3.048857 ,-7.524658 ,32.918845
6.383567 ,-12.516090 ,30.469972
9.431294 ,-17.326638 ,26.767990
12.261550 ,-21.916509 ,20.119806
15.139522 ,-25.191740 ,12.198130
16.390492 ,-27.107631 ,4.837779
17.195252 ,-27.144168 ,-3.185242
16.566935 ,-25.744658 ,-11.201461
14.211452 ,-24.090038 ,-15.889556
10.369308 ,-22.204984 ,-20.630801
5.675602 ,-19.423529 ,-25.073106
0.760617 ,-16.622348 ,-27.344026
-4.064528 ,-13.775550 ,-29.098091
-8.573844 ,-10.468665 ,-28.835629
-12.956379 ,-8.819427 ,-28.370826
-16.145964 ,-7.476745 ,-27.907005
-18.617960 ,-6.116989 ,-26.208789
-20.763827 ,-6.112903 ,-25.418182
-22.773914 ,-5.714007 ,-23.887263
-23.994316 ,-6.980953 ,-22.835341
-24.223489 ,-7.992091 ,-22.956964
-24.130811 ,-9.360243 ,-22.063873
-23.968699 ,-10.741163 ,-22.855549
-23.439672 ,-10.788875 ,-22.935495
-22.106493 ,-5.381218 ,25.189963
-18.757498 ,-5.076493 ,27.976191
-15.454271 ,-4.933201 ,30.505977
-12.640617 ,-3.911292 ,32.136484
-9.613888 ,-3.093589 ,32.959937
-7.120828 ,-1.982446 ,33.443467
-3.618333 ,-2.073595 ,33.615090
0.748431 ,-2.815538 ,33.605694
5.785716 ,-4.773175 ,32.493906
11.477325 ,-7.034769 ,30.946908
15.885570 ,-8.552058 ,28.090110
19.593897 ,-10.792944 ,24.690731
22.409908 ,-12.521960 ,20.179616
24.894142 ,-14.246235 ,16.224788
26.122250 ,-14.689970 ,13.276130
26.552716 ,-15.276092 ,10.476842
27.579181 ,-16.505145 ,3.696733
28.416868 ,-17.352849 ,-1.559285
27.962826 ,-17.141517 ,-7.093376
26.497555 ,-17.740951 ,-10.379690
23.991660 ,-18.937097 ,-14.857407
20.126481 ,-19.911025 ,-19.277959
14.408360 ,-20.863252 ,-23.995456
8.315104 ,-21.050592 ,-25.816046
0.878928 ,-20.803282 ,-24.631161
-5.318014 ,-17.864255 ,-25.108425
-10.499451 ,-16.659387 ,-25.375163
-12.368553 ,-17.078375 ,-24.728032
-11.767772 ,-17.440667 ,-24.778308
-10.590884 ,-17.468670 ,-24.882234
-22.243720 ,-24.233481 ,-6.387338
-22.989290 ,-24.448378 ,-3.254059
-23.362968 ,-24.545919 ,-0.813690
-23.716252 ,-24.223917 ,0.592258
-23.786442 ,-24.688419 ,2.125038
-23.454950 ,-24.268282 ,3.280116
-23.496125 ,-24.387912 ,4.286788
-23.304636 ,-24.705343 ,5.092270
-22.088849 ,-25.455471 ,5.211988
-21.969262 ,-26.253678 ,6.597079
-21.279746 ,-26.403570 ,7.447078
-20.470715 ,-26.284734 ,9.462385
-19.845184 ,-26.134237 ,10.752289
-19.544794 ,-26.252401 ,12.859925
-18.816166 ,-24.876003 ,14.385169
-19.581747 ,-24.285417 ,15.152972
-19.823435 ,-23.201574 ,16.248946
-20.703015 ,-22.069696 ,16.308973
-21.864532 ,-21.794003 ,16.387118
-22.015732 ,-20.992161 ,17.860966
-21.890323 ,-19.959660 ,19.053212
-22.781171 ,-18.137101 ,19.526544
-24.569457 ,-15.419490 ,19.328815
-26.584906 ,-11.312869 ,18.808223
-29.142213 ,-6.447629 ,17.373210
-31.146162 ,-3.581269 ,16.106818
-31.672372 ,-2.581594 ,15.628265
-32.392059 ,-1.391596 ,15.889527
-32.808165 ,-1.140620 ,14.911027
-32.758211 ,-1.715087 ,14.769716
-25.477548 ,-6.881248 ,-26.820939
-23.831079 ,-8.345830 ,-26.305672
-22.666783 ,-9.469760 ,-25.221336
-22.153689 ,-10.713860 ,-24.421889
-22.086864 ,-11.150997 ,-23.164869
-22.691753 ,-11.638168 ,-22.391167
-23.101631 ,-12.847788 ,-21.297792
-23.283702 ,-13.411570 ,-20.728235
-23.242156 ,-15.316721 ,-19.503710
-22.538728 ,-17.408940 ,-18.503983
-21.740853 ,-19.142005 ,-16.908571
-21.392799 ,-20.796345 ,-15.268841
-21.452993 ,-21.646174 ,-14.025216
-21.959197 ,-22.313767 ,-12.640287
-22.572018 ,-22.473624 ,-10.146494
-23.122164 ,-23.191754 ,-9.435701
-23.813542 ,-23.332318 ,-7.799808
-23.908687 ,-24.041292 ,-6.990677
-23.854500 ,-24.101453 ,-6.428084
-23.893781 ,-24.037338 ,-5.174330
-24.192782 ,-23.797824 ,-4.779246
-24.429410 ,-24.032055 ,-3.709362
-24.178806 ,-24.387274 ,-1.289734
-24.105272 ,-24.664325 ,0.820175
-25.026869 ,-24.127306 ,2.635240
-25.673732 ,-23.254615 ,3.637477
-25.851385 ,-23.497520 ,5.859536
-25.250136 ,-23.785139 ,7.389543
-25.347983 ,-23.435789 ,8.576663
-25.791679 ,-22.435610 ,8.622939
-33.765240 ,-8.779780 ,-9.131388
-33.940390 ,-8.040275 ,-9.064764
-33.852356 ,-8.060229 ,-9.719790
-33.669878 ,-7.981486 ,-11.984702
-32.510593 ,-8.180807 ,-13.728611
-31.409207 ,-7.876044 ,-16.692382
-29.203674 ,-7.919652 ,-19.916756
-27.270902 ,-7.770607 ,-22.600727
-25.347834 ,-8.640625 ,-22.667430
-24.363511 ,-9.018416 ,-23.022415
-22.845358 ,-10.552505 ,-23.985861
-21.159128 ,-12.284531 ,-23.087065
-19.121200 ,-14.741583 ,-22.657768
-18.436406 ,-16.112828 ,-22.834339
-18.712087 ,-15.764364 ,-22.190368
-18.923863 ,-16.733821 ,-21.555386
-18.062685 ,-18.003612 ,-21.931810
-16.604143 ,-18.666216 ,-21.532845
-15.789119 ,-18.894124 ,-21.971341
-15.748132 ,-17.578779 ,-22.775959
-16.380236 ,-16.208930 ,-22.998615
-17.784746 ,-13.228926 ,-23.550478
-19.866915 ,-10.016343 ,-23.924131
-22.638184 ,-6.016665 ,-24.135575
-23.215315 ,-2.495126 ,-24.448162
-22.680110 ,0.900095 ,-26.393796
-21.098087 ,4.626333 ,-26.901842
-19.951188 ,9.789012 ,-26.961080
-18.665807 ,14.394111 ,-24.646906
-17.588495 ,19.241036 ,-22.055696
-20.720282 ,-26.034356 ,-11.197964
-20.742256 ,-24.311373 ,-13.811382
-20.965937 ,-22.235408 ,-17.102514
-20.624616 ,-19.341664 ,-20.212569
-21.208162 ,-15.560590 ,-21.906200
-22.189871 ,-10.844202 ,-23.709979
-23.133262 ,-8.001490 ,-24.395727
-22.796147 ,-6.899853 ,-24.786309
-23.127053 ,-5.787768 ,-24.654650
-23.392439 ,-4.457323 ,-24.569364
-24.295165 ,-3.126422 ,-24.815653
-24.359779 ,-1.450802 ,-24.675690
-23.939808 ,0.164357 ,-25.313072
-24.046452 ,1.211068 ,-25.218349
-24.227565 ,2.202140 ,-24.936156
-24.014643 ,2.428266 ,-24.932306
-23.779536 ,2.919368 ,-24.069006
-24.625848 ,4.268519 ,-23.473814
-26.282395 ,5.759568 ,-21.144885
-27.873425 ,6.747435 ,-17.134309
-30.020088 ,6.733334 ,-14.557824
-31.079459 ,6.453668 ,-14.362265
-31.891907 ,5.494579 ,-14.731171
-31.823053 ,5.037521 ,-15.214036
-31.480722 ,4.510964 ,-16.466055
-31.143843 ,3.885877 ,-17.641164
-30.478420 ,4.118002 ,-17.841665
-30.292511 ,5.211291 ,-17.722684
-29.975447 ,6.440711 ,-17.631552
-29.882178 ,8.119486 ,-17.115597
-31.530448 ,-1.846778 ,-18.743651
-30.346415 ,-4.705968 ,-19.403965
-28.779574 ,-6.406241 ,-19.727800
-27.618759 ,-7.549924 ,-19.876595
-26.733128 ,-8.987003 ,-20.590253
-25.264063 ,-10.130584 ,-21.122170
-23.835943 ,-10.583194 ,-22.838262
-22.122202 ,-10.963636 ,-24.750124
-19.448912 ,-11.363601 ,-25.373555
-17.483341 ,-12.947561 ,-25.784083
-15.632777 ,-14.670503 ,-25.439818
-12.748100 ,-16.637370 ,-24.837946
-11.600628 ,-19.079512 ,-23.780430
-9.897018 ,-20.852497 ,-22.108698
-9.267907 ,-23.410657 ,-19.477947
-8.106571 ,-26.093072 ,-16.812429
-7.221785 ,-28.792795 ,-12.551875
-6.423054 ,-31.428357 ,-7.583906
-6.094777 ,-32.560588 ,-2.146585
-6.188829 ,-33.410306 ,3.242221
-5.985983 ,-33.275183 ,9.050384
-6.035462 ,-32.053536 ,14.720824
-6.820627 ,-30.587542 ,17.639212
-7.039056 ,-29.450572 ,19.219436
-7.603740 ,-28.506352 ,20.495773
-8.635195 ,-27.635982 ,21.999667
-9.380585 ,-26.580938 ,23.298607
-10.200188 ,-25.481715 ,24.095045
-10.544502 ,-23.876868 ,26.420885
-11.101866 ,-20.902992 ,27.736094
-14.491187 ,15.774463 ,25.644845
-14.251943 ,15.903100 ,26.710270
-14.264692 ,15.460908 ,27.760408
-13.781233 ,15.813925 ,28.444877
-14.360209 ,15.659965 ,29.502127
-13.784815 ,16.077215 ,29.409417
-13.807852 ,16.150463 ,30.035582
-13.440590 ,16.012145 ,29.928833
-13.486739 ,16.191984 ,30.946123
-13.122741 ,16.592812 ,30.854135
-12.825157 ,16.361435 ,30.413488
-12.646497 ,15.652441 ,31.352853
-12.275627 ,15.556615 ,30.897559
-12.570073 ,15.518129 ,32.393942
-12.395118 ,14.992342 ,32.051823
-12.144546 ,14.486123 ,32.468580
-11.419428 ,13.658636 ,32.527585
-11.261132 ,12.798566 ,33.544124
-11.079169 ,12.557461 ,32.683599
-11.279909 ,12.205758 ,33.082994
-11.456530 ,11.843695 ,32.651056
-11.793330 ,12.277911 ,32.512408
-12.263891 ,12.251809 ,33.064493
-12.088803 ,11.508075 ,32.770941
-11.917757 ,11.969265 ,32.558119
-12.563148 ,12.113764 ,32.625195
-12.526903 ,12.248334 ,32.140214
-12.697472 ,12.150834 ,32.067819
-12.585390 ,12.620438 ,32.284177
-12.600890 ,12.831123 ,32.212502
